data/in-situ-aerosol/AEROMMA-AOP-Optical_DC8_20230623_R0.ict
54, 1001
Han Huynh, Adam Ahern, Charles Brock, Ming Lyu
NOAA Chemical Sciences Laboratory
NOAA Aerosol Optical Properties (AOP) instruments: Cavity Ring-Down Spectrometer (CRDS) and Photoacoustic Absorption Spectrometer (PAS)
AEROMMA 2023
1, 1
2023, 06, 23, 2024, 03, 26
1
Time_start, seconds_past_midnight, seconds from midnight
20
1, 1, 1, 1, 1, 1, 1, 1, 1, 1, 1, 1, 1, 1, 1, 1, 1, 1, 1, 1
-9999, -9999, -9999, -9999, -9999, -9999, -9999, -9999, -9999, -9999, -9999, -9999, -9999, -9999, -9999, -9999, -9999, -9999, -9999, -9999
ext_dry_405, Mm-1, AerOpt_Extinction_InSitu_blue_RHd_PM2.5_STP
ext_dry_532, Mm-1, AerOpt_Extinction_InSitu_green_RHd_PM2.5_STP
ext_dry_664, Mm-1, AerOpt_Extinction_InSitu_red_RHd_PM2.5_STP
ext_medRH_664, Mm-1, AerOpt_Extinction_InSitu_red_medRH_PM2.5_STP
ext_highRH_664, Mm-1, AerOpt_Extinction_InSitu_red_highRH_PM2.5_STP
ext_TD_405, Mm-1, AerOpt_ExtinctionTD_InSitu_blue_RHd_PM2.5_STP
ext_TD_664, Mm-1, AerOpt_ExtinctionTD_InSitu_red_RHd_PM2.5_STP
AOP_RH_dry, pct, RHd_InSitu_Extinction_Absorption_Channels
AOP_RH_med, pct, AerOpt_Extinction_InSitu_red_medRH
AOP_RH_high, pct, AerOpt_Extinction_InSitu_red_highRH
AOP_filter_flag, dimensionless, AerOpt_filter_period
AOP_medRH_bypass, dimensionless, AerOpt_Extinction_medRH_humidifier_bypass_period
AOP_highRH_bypass, dimensionless, AerOpt_Extinction_highRH_humidifier_bypass_period
AOP_TD_bypass_flag, dimensionless, AerOpt_TD_bypass_period
cloud_removal_flag, dimensionless, Cloud_Removal_Flag_CAPS_CloudIndicator_2_3_4
abs_dry_405, Mm-1, AerOpt_Absorption_InSitu_blue_RHd_PM2.5_STP
abs_dry_532, Mm-1, AerOpt_Absorption_InSitu_green_RHd_PM2.5_STP
abs_dry_664, Mm-1, AerOpt_Absorption_InSitu_red_RHd_PM2.5_STP
abs_TD_405, Mm-1, AerOpt_AbsorptionTD_InSitu_blue_RHd_PM2.5_STP
abs_TD_664, Mm-1, AerOpt_AbsorptionTD_InSitu_green_RHd_PM2.5_STP
1
SPECIAL COMMENTS: In-cloud data has been removed based on Cloudindicator_CAPS (removed data where Cloudindicator_CAPS is 2, 3, or 4). Dry channels T probe is not reliable. Dry channels T were taken as an average of both RH channels based on past measurements. Medium and high RH values have a standard deviation of 5%.
19
PI_CONTACT_INFO: Email: han.huynh@noaa.gov. Address: NOAA Chemical Sciences Laboratory, R/CSL2, 325 Broadway, Boulder, CO 80305.
PLATFORM: NASA DC-8
LOCATION: See the DC8 MetNav file, Based in Palmdale (CA) and Dayton (OH)
ASSOCIATED_DATA: N/A
[...]
DATA_INFO: Extinction and absorption values were reported in Mm-1. The flag columns (e.g., AOP_filter_flag) reported either 0 or 1 value. The RH columns reported values in %RH. The measurements were time-aligned with DLH measurement.
UNCERTAINTY: The precision of the extinction measurements varies with aerosol loading and is +/-20% at 10 Mm-1 and +/-5% at 100 Mm-1. The accuracy of the dry measurement is +/-2% and depends on RH for the humidified measurements. For more details, see Langridge et al., Aerosol Science and Technology 45:1305-1318, 2011. The absorption measurements have a high signal accuracy of 20%. The low signal precision varies with altitude and flight to flight, and is typically less than 10 Mm-1 for 1 second measurements.
ULOD_FLAG: -7777
ULOD_VALUE: N/A
LLOD_FLAG: -8888
LLOD_VALUE: N/A
DM_CONTACT_INFO: Han Huynh, han.huynh@noaa.gov, NOAA Chemical Sciences Laboratory, R/CSL2, 325 Broadway, Boulder, CO 80305
PROJECT_INFO: AEROMMA 2023, https://csl.noaa.gov/projects/aeromma
STIPULATIONS_ON_USE: NASA Data Policy. Contact with PI is encouraged.
OTHER_COMMENTS: N/A
REVISION: R0
R0: final data.
RA: Preliminary data collected in the field. 
Time_start, ext_dry_405, ext_dry_532, ext_dry_664, ext_medRH_664, ext_highRH_664, ext_TD_405, ext_TD_664, AOP_RH_dry, AOP_RH_med, AOP_RH_high, AOP_filter_flag, AOP_medRH_bypass, AOP_highRH_bypass, AOP_TD_bypass_flag, cloud_removal_flag, abs_dry_405, abs_dry_532, abs_dry_664, abs_TD_405, abs_TD_664
[from data line 9851]
75578,10.932,7.812,4.707,8.723,10.567,2.379,0.918,24.590,82.872,86.605,0,0,0,0,0,0.190,0.243,0.283,1.588,1.434
75579,10.057,6.631,4.864,7.532,13.964,2.141,0.640,24.588,82.993,86.620,0,0,0,0,0,0.265,0.748,-0.363,-0.180,-1.994
75580,11.964,7.180,7.753,9.512,14.716,2.221,1.325,24.585,83.125,86.648,0,0,0,0,0,0.224,1.849,-1.498,3.160,-0.421
75581,9.732,6.591,4.510,13.273,10.966,0.600,1.059,24.577,83.262,86.673,0,0,0,0,0,0.378,0.039,-0.100,0.852,-1.400
75582,10.741,7.192,4.008,13.440,7.719,0.383,0.991,24.581,83.384,86.703,0,0,0,0,0,0.317,0.007,-0.892,-0.558,0.776
75583,11.063,6.936,4.294,11.583,9.927,0.502,1.569,24.584,83.493,86.719,0,0,0,0,0,0.413,2.117,-0.910,0.268,-0.020
75584,11.720,6.403,3.609,10.703,9.886,0.913,2.600,24.585,83.589,86.720,0,0,0,0,0,0.631,0.579,0.862,-0.888,1.357
75585,12.436,7.984,7.229,14.541,8.112,2.382,0.866,24.581,83.687,86.722,0,0,0,0,0,0.251,-2.305,-0.025,-0.214,-1.850
75586,11.796,9.261,5.084,9.690,9.912,1.916,0.501,24.583,83.778,86.722,0,0,0,0,0,0.329,0.644,0.257,0.599,-1.849
75587,12.389,7.517,4.321,7.756,11.762,1.649,0.352,24.590,83.863,86.722,0,0,0,0,0,0.080,0.017,-0.790,1.476,-9999.000
75588,10.300,6.935,4.286,10.186,11.079,0.739,1.806,24.598,83.933,86.715,0,0,0,0,0,0.514,-1.897,0.201,-0.376,-9999.000
75589,11.368,8.244,4.650,16.233,8.236,0.999,3.903,24.599,83.982,86.698,0,0,0,0,0,0.653,-1.763,-1.377,-0.095,-9999.000
75590,11.383,7.994,3.602,16.670,13.517,1.083,3.996,24.603,84.014,86.675,0,0,0,0,0,0.619,0.151,-0.456,1.526,-9999.000
75591,12.740,7.803,4.255,10.365,9.442,0.113,0.855,24.604,84.045,86.643,0,0,0,0,0,0.483,0.161,0.301,-0.705,-9999.000
75592,14.307,9.122,7.592,8.588,8.544,0.521,1.932,24.602,84.060,86.613,0,0,0,0,0,0.185,-2.634,-0.236,0.702,-9999.000
75593,11.072,12.175,7.337,14.582,7.680,0.443,1.076,24.598,84.065,86.580,0,0,0,0,0,0.266,-3.580,0.936,-1.144,-9999.000
75594,11.961,7.356,3.600,9.875,10.522,3.329,1.289,24.592,84.069,86.550,0,0,0,0,0,-0.063,-0.522,-0.272,1.050,-9999.000
75595,11.467,4.959,3.789,14.621,11.862,2.951,4.568,24.592,84.061,86.515,0,0,0,0,0,0.105,-1.318,-0.453,0.594,-9999.000
75596,11.522,5.803,4.323,6.740,14.305,0.933,5.054,24.597,84.032,86.492,0,0,0,0,0,0.725,1.318,-0.857,-0.320,-9999.000
75597,11.060,8.455,4.027,8.093,7.814,0.531,1.137,24.597,83.957,86.469,0,0,0,0,0,0.707,3.261,-0.784,3.077,-9999.000
75598,10.980,6.334,6.003,10.028,14.068,0.580,0.404,24.599,83.826,86.458,0,0,0,0,0,0.019,-0.507,-0.838,3.080,-9999.000
75599,9.957,6.357,5.260,6.824,17.119,1.425,0.640,24.579,83.684,86.441,0,0,0,0,0,0.075,1.661,0.174,-9999.000,-9999.000
75600,10.306,7.072,2.905,7.562,12.666,0.534,0.590,24.576,83.537,86.434,0,0,0,0,0,0.450,3.098,1.037,-9999.000,0.864
75601,11.732,5.660,3.627,6.638,13.323,2.971,0.439,24.583,83.365,86.438,0,0,0,0,0,0.642,1.786,-0.750,-9999.000,1.350
75602,9.825,6.371,4.270,9.214,11.562,3.281,0.879,24.587,83.158,86.434,0,0,0,0,0,-0.255,2.055,1.344,-9999.000,0.881
75603,9.760,5.753,3.910,12.819,7.356,2.433,2.357,24.584,82.940,86.435,0,0,0,0,0,-0.480,-0.067,1.694,-9999.000,-1.198
75604,9.702,6.872,5.050,7.541,8.358,0.576,1.949,24.583,82.730,86.435,0,0,0,0,0,0.158,-1.235,-0.204,-9999.000,0.121
75605,10.916,6.202,3.784,5.756,6.435,0.588,1.102,24.577,82.511,86.450,0,0,0,0,0,0.290,-1.472,-1.003,-9999.000,-1.126
75606,11.124,4.819,4.579,7.306,14.722,0.398,1.043,24.576,82.292,86.482,0,0,0,0,0,0.378,-3.303,-1.097,-9999.000,-3.327
75607,10.441,5.863,3.366,5.332,9.102,0.651,1.926,24.569,82.085,86.511,0,0,0,0,0,0.378,-3.301,-1.097,-9999.000,-1.237
75608,10.369,5.867,4.325,4.916,12.759,1.759,2.893,24.575,81.889,86.553,0,0,0,0,0,-9999.000,-9999.000,-9999.000,-9999.000,1.568
75609,8.582,5.242,3.860,10.275,10.802,0.869,1.891,24.587,81.716,86.599,0,0,0,0,0,-9999.000,-9999.000,-9999.000,-9999.000,0.563
75610,9.596,6.289,3.723,5.968,8.406,1.179,1.328,24.595,81.561,86.639,0,0,0,0,0,-9999.000,-9999.000,-9999.000,-9999.000,-1.034
75611,11.150,6.469,5.057,8.910,17.964,1.663,0.733,24.595,81.403,86.671,0,0,0,0,0,-9999.000,-9999.000,-9999.000,-9999.000,3.738
75612,11.193,5.496,5.688,17.268,11.284,2.534,0.435,24.595,81.248,86.688,0,0,0,0,0,-9999.000,-9999.000,-9999.000,0.243,-1.821
75613,9.444,7.284,5.165,14.269,9.700,1.271,0.535,24.602,81.097,86.703,0,0,0,0,0,-9999.000,-9999.000,-9999.000,-0.530,1.621
75614,9.982,7.644,5.372,8.412,9.400,2.324,0.312,24.601,80.980,86.719,0,0,0,0,0,-9999.000,-9999.000,-9999.000,0.407,2.162
75615,12.922,8.429,5.577,6.729,9.953,3.834,0.311,24.594,80.896,86.730,0,0,0,0,0,-9999.000,-9999.000,-9999.000,0.837,1.733
75616,10.823,8.018,5.934,6.059,10.590,5.217,0.266,24.588,80.828,86.740,0,0,0,0,0,-9999.000,-9999.000,-9999.000,0.756,-1.315
75617,9.286,7.548,4.518,5.311,7.761,1.416,2.539,24.585,80.768,86.750,0,0,0,0,0,-9999.000,-9999.000,-9999.000,-1.541,0.460
75618,8.968,6.494,3.684,5.677,10.920,0.681,2.073,24.586,80.712,86.754,0,0,0,0,0,-9999.000,-9999.000,-9999.000,1.256,1.472
75619,9.970,5.053,4.504,8.013,10.393,2.482,0.639,24.596,80.677,86.750,0,0,0,0,0,-9999.000,-9999.000,-9999.000,-2.756,0.474
75620,9.950,6.492,3.582,8.829,7.448,0.870,0.514,24.587,80.658,86.733,0,0,0,0,0,-9999.000,-9999.000,-9999.000,1.365,-0.036
75621,9.746,5.118,3.770,10.434,8.584,0.753,0.220,24.588,80.652,86.707,0,0,0,0,0,-0.080,0.929,-1.026,-0.635,0.703
75622,10.428,5.848,3.638,8.007,12.264,0.699,0.864,24.586,80.650,86.682,0,0,0,0,0,0.020,-2.451,-0.244,-0.131,2.575
75623,10.701,6.203,3.148,8.790,10.427,0.567,2.930,24.595,80.660,86.653,0,0,0,0,0,-0.119,-0.192,-1.476,-0.261,1.511
75624,10.536,8.463,5.697,6.558,7.538,0.416,0.626,24.591,80.680,86.625,0,0,0,0,0,0.660,-0.434,1.192,1.981,0.374
75625,9.043,8.550,4.271,5.024,8.065,1.387,0.422,24.589,80.727,86.590,0,0,0,0,0,0.426,1.166,-0.980,-1.232,0.371
75626,11.946,7.032,5.388,8.723,11.103,3.481,0.578,24.587,80.785,86.563,0,0,0,0,0,0.835,-0.627,0.015,-1.948,-2.102
75627,10.688,5.453,4.471,7.499,10.013,3.534,0.612,24.576,80.859,86.541,0,0,0,0,0,0.292,-0.921,-0.392,-0.627,2.628
75628,9.721,4.671,3.148,7.620,8.622,3.613,0.467,24.569,80.960,86.518,0,0,0,0,0,0.043,0.782,0.494,-0.213,-0.465
75629,9.482,6.127,3.290,7.650,8.479,1.443,2.025,24.568,81.070,86.493,0,0,0,0,0,0.440,0.742,-1.304,-0.009,2.836
75630,9.121,7.042,4.571,12.289,13.484,1.308,1.727,24.564,81.182,86.468,0,0,0,0,0,0.221,0.900,-0.816,-2.587,-2.975
75631,9.804,5.437,8.265,5.608,10.342,1.607,1.088,24.569,81.302,86.454,0,0,0,0,0,0.314,-0.051,-0.950,1.995,-0.500
75632,10.026,6.064,8.132,6.804,10.686,0.369,0.681,24.564,81.428,86.443,0,0,0,0,0,0.090,2.444,-0.135,-2.438,1.623
75633,10.420,6.555,4.029,7.972,11.995,0.760,0.351,24.567,81.556,86.444,0,0,0,0,0,0.452,-3.580,-0.111,2.316,-0.211
75634,8.784,6.286,3.889,7.265,9.481,0.459,0.545,24.567,81.682,86.445,0,0,0,0,0,0.243,-1.611,-0.324,-1.021,0.843
75635,9.435,6.451,3.431,8.195,11.235,0.919,0.697,24.573,81.835,86.442,0,0,0,0,0,0.006,1.018,-0.603,1.199,-0.015
75636,9.880,7.378,4.212,7.715,7.829,2.947,0.389,24.573,81.982,86.450,0,0,0,0,0,0.304,-2.472,0.358,0.684,1.323
75637,9.429,6.845,2.830,7.320,10.436,1.230,1.029,24.574,82.130,86.462,0,0,0,0,0,0.649,-1.924,0.272,0.490,-0.917
75638,8.994,4.484,4.866,9.619,6.989,0.556,2.553,24.572,82.260,86.483,0,0,0,0,0,0.072,-2.298,-0.549,2.545,0.783
75639,9.546,5.628,5.813,8.405,7.727,0.572,6.191,24.573,82.405,86.520,0,0,0,0,0,0.080,-0.669,-1.041,0.919,-0.967
75640,8.623,8.198,3.248,7.227,9.240,0.154,3.822,24.588,82.530,86.559,0,0,0,0,0,0.497,-2.921,0.822,0.473,-1.102
75641,10.347,5.413,4.296,7.573,9.531,2.124,0.353,24.590,82.695,86.595,0,0,0,0,0,0.844,-0.976,-0.560,1.139,1.366
75642,9.680,5.324,3.625,9.454,10.552,2.824,0.414,24.595,82.826,86.625,0,0,0,0,0,0.267,0.811,-0.306,0.209,1.716
75643,9.635,5.495,3.588,14.964,10.766,1.185,0.763,24.596,82.974,86.654,0,0,0,0,0,-0.016,0.224,-0.697,1.071,0.057
75644,9.699,5.063,2.933,7.100,8.762,1.311,0.871,24.592,83.088,86.676,0,0,0,0,0,0.227,-2.836,0.236,3.002,0.033
75645,9.787,4.346,4.043,9.998,8.378,4.844,1.493,24.596,83.214,86.694,0,0,0,0,0,-0.396,-1.625,-1.762,-1.231,0.244
75646,10.127,5.057,4.319,9.450,11.913,1.915,0.961,24.590,83.336,86.715,0,0,0,0,0,-0.086,2.011,-1.141,0.226,-1.193
75647,8.858,5.278,5.529,11.283,13.018,0.975,0.448,24.582,83.456,86.728,0,0,0,0,0,0.502,-1.124,-0.567,-1.663,-2.362
75648,9.212,4.975,3.425,12.492,9.558,1.317,0.352,24.582,83.569,86.741,0,0,0,0,0,-0.140,1.939,0.678,0.771,0.808
75649,8.238,6.718,6.131,12.404,7.339,0.651,0.633,24.582,83.677,86.746,0,0,0,0,0,0.321,0.955,0.684,-0.669,-2.317
75650,8.265,5.562,3.111,13.175,8.557,0.604,1.938,24.572,83.767,86.749,0,0,0,0,0,-0.194,-3.031,-1.675,1.759,1.444
75651,7.884,5.491,2.848,8.704,8.264,0.953,2.076,24.583,83.839,86.747,0,0,0,0,0,0.465,-0.521,1.836,-0.096,-2.144
75652,7.549,9.553,3.729,6.183,11.416,0.977,3.019,24.580,83.907,86.745,0,0,0,0,0,-0.198,3.581,0.241,0.478,-0.005
75653,9.965,8.402,3.425,7.167,10.303,0.486,1.948,24.579,83.973,86.738,0,0,0,0,0,0.377,-1.899,-0.006,0.217,0.705
75654,8.513,6.182,3.478,6.775,9.524,0.156,0.524,24.576,84.025,86.715,0,0,0,0,0,0.368,0.687,-0.926,-1.575,-0.123
75655,9.707,4.802,3.278,6.935,10.608,0.627,0.786,24.576,84.065,86.673,0,0,0,0,0,0.017,-0.098,-0.726,0.204,-2.882
75656,8.192,6.563,6.462,6.656,13.183,2.280,0.448,24.587,84.089,86.638,0,0,0,0,0,0.379,2.425,-1.032,0.657,3.108
75657,9.004,6.848,2.998,7.748,9.931,1.078,0.523,24.594,84.106,86.602,0,0,0,0,0,0.089,1.439,1.201,1.246,-2.204
75658,8.871,5.603,3.364,8.143,8.222,0.555,0.355,24.604,84.114,86.567,0,0,0,0,0,-0.065,0.412,-0.556,-0.597,-0.720
75659,8.267,5.190,3.668,11.380,8.579,2.884,0.386,24.600,84.112,86.542,0,0,0,0,0,0.161,-1.578,-0.241,1.370,0.919
75660,11.781,6.199,3.979,6.685,9.936,0.619,0.312,24.601,84.093,86.514,0,0,0,0,0,0.374,-2.683,-0.197,-0.536,-0.406
75661,12.288,6.917,3.736,6.908,8.300,0.377,1.281,24.601,84.024,86.494,0,0,0,0,0,-0.082,-0.985,1.044,1.026,-0.360
75662,11.024,5.083,4.790,5.987,10.129,0.513,0.588,24.603,83.924,86.485,0,0,0,0,0,0.262,-0.174,-1.695,-2.241,0.656
75663,9.850,6.041,3.723,6.078,13.945,1.815,0.804,24.603,83.812,86.477,0,0,0,0,0,0.056,0.978,0.726,2.551,-0.581
75664,9.862,6.683,3.836,6.580,6.684,0.954,0.506,24.602,83.684,86.464,0,0,0,0,0,-0.187,0.714,-0.994,-3.329,0.212
75665,10.293,8.033,6.890,9.948,7.587,1.249,0.685,24.614,83.523,86.465,0,0,0,0,0,-0.001,-0.723,-0.272,1.325,0.655
75666,10.474,5.900,3.039,10.125,10.294,1.984,1.675,24.598,83.335,86.463,0,0,0,0,0,0.202,-3.281,-1.839,-1.574,-0.049
75667,9.525,5.997,3.349,8.192,14.098,1.758,0.618,24.588,83.131,86.464,0,0,0,0,0,0.919,1.024,-0.276,0.922,-1.113
75668,8.995,5.686,3.597,11.306,7.546,1.219,0.143,24.596,82.915,86.470,0,0,0,0,0,0.811,0.336,1.333,-1.379,2.797
75669,7.790,5.501,3.855,11.133,8.248,1.551,0.190,24.599,82.691,86.481,0,0,0,0,0,0.298,4.120,-0.105,0.054,-0.764
75670,9.598,6.186,3.027,5.978,10.933,0.532,0.150,24.602,82.461,86.513,0,0,0,0,0,0.443,1.931,-0.859,-1.885,-1.504
75671,8.808,6.544,3.146,8.580,10.200,0.151,0.379,24.600,82.258,86.548,0,0,0,0,0,0.061,-1.045,-0.726,0.911,0.705
75672,11.465,5.319,4.032,7.974,9.695,1.300,0.539,24.594,82.075,86.578,0,0,0,0,0,0.397,3.396,-1.050,-1.647,-0.405
75673,8.937,6.783,4.070,7.108,10.682,0.819,0.863,24.590,81.877,86.612,0,0,0,0,0,-0.028,-1.386,0.024,0.583,1.965
75674,9.066,5.739,3.270,10.684,17.643,1.403,1.166,24.590,81.685,86.644,0,0,0,0,0,0.445,-0.380,0.294,0.122,1.725
75675,9.235,6.824,4.040,10.627,14.017,2.266,4.115,24.590,81.496,86.680,0,0,0,0,0,0.133,-0.380,-1.330,-1.460,1.275
75676,9.433,8.300,5.329,10.754,9.382,0.968,5.405,24.581,81.331,86.708,0,0,0,0,0,0.667,-0.673,0.391,-0.470,-0.001
75677,9.188,6.889,4.769,5.914,8.830,0.896,2.943,24.578,81.186,86.727,0,0,0,0,0,-0.127,0.440,-1.310,0.395,-0.583
75678,9.052,5.524,3.585,6.043,7.105,0.252,0.598,24.571,81.059,86.739,0,0,0,0,0,0.425,0.073,0.374,1.225,-2.600
75679,8.907,6.641,4.024,10.910,10.007,1.221,0.180,24.578,80.961,86.743,0,0,0,0,0,0.271,1.012,-1.006,-1.146,0.315
75680,9.639,5.476,3.309,8.631,6.246,0.132,0.319,24.580,80.882,86.748,0,0,0,0,0,0.837,0.079,-0.720,0.678,-1.742
75681,10.020,5.316,3.834,8.497,7.272,0.472,0.242,24.568,80.807,86.752,0,0,0,0,0,0.481,-1.140,-0.329,2.328,-0.466
75682,9.213,5.200,5.081,8.477,12.422,1.416,0.887,24.567,80.732,86.755,0,0,0,0,0,0.302,-1.221,0.344,0.950,1.298
75683,10.213,5.973,4.742,8.724,13.752,0.756,1.324,24.567,80.690,86.746,0,0,0,0,0,0.142,2.298,-0.198,-1.545,-0.452
75684,9.477,5.152,4.866,6.141,15.008,1.177,0.438,24.564,80.672,86.741,0,0,0,0,0,0.679,2.365,0.869,0.598,0.430
75685,9.668,5.267,4.964,7.536,9.750,2.752,1.052,24.569,80.663,86.733,0,0,0,0,0,0.104,-1.606,-0.323,-0.894,0.992
75686,9.668,5.381,4.735,6.227,7.858,0.260,1.318,24.570,80.664,86.705,0,0,0,0,0,0.142,1.112,0.754,3.065,-1.296
75687,9.506,7.112,4.349,11.362,7.251,2.510,0.926,24.571,80.664,86.671,0,0,0,0,0,-0.318,2.513,2.399,-1.571,-1.827
75688,9.091,6.522,3.125,7.400,11.184,1.483,0.275,24.572,80.674,86.640,0,0,0,0,0,0.321,-0.635,0.400,-0.214,-0.841
75689,9.441,5.913,5.100,8.515,6.911,0.340,0.528,24.567,80.699,86.609,0,0,0,0,0,-0.217,-1.294,-1.019,-1.847,0.602
75690,8.798,6.255,4.187,10.875,9.829,0.799,1.267,24.572,80.760,86.580,0,0,0,0,0,0.055,1.075,0.348,1.857,-2.288
75691,9.992,6.331,5.153,13.148,10.193,0.084,1.701,24.561,80.835,86.543,0,0,0,0,0,0.820,-0.913,0.251,-0.884,-0.283
75692,10.644,6.753,6.171,8.899,12.214,0.066,1.458,24.565,80.921,86.504,0,0,0,0,0,0.323,-1.057,-0.205,-1.188,-1.610
75693,8.487,8.187,4.770,7.335,11.463,0.116,3.026,24.571,81.025,86.475,0,0,0,0,0,0.352,0.017,-1.126,-0.511,2.329
75694,9.685,6.999,3.099,16.463,7.577,0.998,4.024,24.580,81.128,86.454,0,0,0,0,0,0.420,0.643,-0.124,-0.726,-0.688
75695,9.527,5.569,3.066,7.559,6.769,0.293,5.389,24.588,81.254,86.438,0,0,0,0,0,0.191,0.544,-0.628,1.287,0.679
75696,8.756,6.456,3.449,8.048,5.621,0.816,7.510,24.583,81.364,86.431,0,0,0,0,0,-0.145,-1.448,-0.387,-0.979,-0.352
75697,8.597,6.166,4.897,12.290,13.524,1.632,2.500,24.589,81.504,86.423,0,0,0,0,0,0.404,1.112,0.852,0.451,0.818
75698,11.016,5.029,3.961,9.574,15.636,0.420,0.528,24.579,81.615,86.430,0,0,0,0,0,0.251,-0.580,-0.671,-0.296,0.991
75699,8.321,4.559,4.592,13.134,10.866,0.016,0.856,24.584,81.768,86.430,0,0,0,0,0,-0.156,1.896,-0.854,1.835,0.071
75700,10.016,6.041,2.989,13.130,6.097,-0.001,1.128,24.582,81.901,86.432,0,0,0,0,0,-0.151,2.182,0.312,-0.549,0.306
75701,9.473,6.143,5.544,9.423,10.700,0.371,0.681,24.579,82.066,86.444,0,0,0,0,0,0.472,-2.215,-0.600,0.825,0.689
75702,10.653,6.484,4.472,8.896,12.290,0.174,3.401,24.578,82.200,86.464,0,0,0,0,0,0.277,-1.485,0.633,-0.750,0.341
75703,10.486,5.618,3.890,11.344,8.746,-0.025,2.304,24.575,82.342,86.493,0,0,0,0,0,0.703,0.040,0.803,-0.059,0.135
75704,9.327,6.170,4.182,11.571,6.953,0.937,0.696,24.574,82.483,86.527,0,0,0,0,0,0.146,4.264,0.033,-1.782,1.685
75705,9.624,5.215,3.115,13.272,7.612,1.635,0.560,24.576,82.626,86.556,0,0,0,0,0,0.442,1.623,-0.946,1.853,-0.523
75706,9.158,5.808,4.524,7.959,12.079,2.928,1.383,24.576,82.760,86.591,0,0,0,0,0,0.095,-0.789,-0.664,0.161,-0.415
75707,7.850,8.190,4.470,7.033,10.534,1.336,1.924,24.572,82.890,86.624,0,0,0,0,0,0.380,0.292,-0.741,1.768,2.663
75708,8.948,6.427,2.610,6.093,10.630,0.025,0.728,24.573,83.032,86.658,0,0,0,0,0,0.031,0.986,-0.583,-0.055,0.591
75709,9.646,5.139,3.804,11.107,7.348,0.104,0.208,24.576,83.162,86.687,0,0,0,0,0,-0.106,0.106,-0.278,0.625,0.172
75710,9.908,6.716,4.834,9.987,9.910,0.168,2.090,24.582,83.281,86.708,0,0,0,0,0,0.056,1.099,-0.972,-1.140,1.942
75711,9.863,6.712,4.327,11.035,7.291,0.065,4.131,24.581,83.405,86.721,0,0,0,0,0,0.720,-2.610,-1.332,-0.649,2.826
75712,10.764,7.412,2.898,12.787,14.501,1.401,1.443,24.581,83.529,86.733,0,0,0,0,0,0.229,1.156,0.366,2.628,-2.207
75713,10.866,5.818,7.350,14.166,9.319,0.862,0.350,24.589,83.642,86.736,0,0,0,0,0,0.465,-2.030,-0.345,-2.315,-1.856
75714,9.553,8.414,3.971,9.539,15.825,1.058,0.994,24.597,83.737,86.737,0,0,0,0,0,-0.214,-0.003,-0.674,1.954,2.016
75715,10.036,7.394,2.651,9.231,17.204,3.146,0.901,24.585,83.845,86.739,0,0,0,0,0,0.038,0.491,-0.541,1.580,-1.834
75716,8.745,5.560,5.092,7.911,5.811,2.827,0.987,24.585,83.915,86.742,0,0,0,0,0,0.020,-0.421,0.408,-0.047,3.585
