data/in-situ-aerosol/AEROMMA-AOP-Optical_DC8_20230623_R0.ict
54, 1001
Han Huynh, Adam Ahern, Charles Brock, Ming Lyu
NOAA Chemical Sciences Laboratory
NOAA Aerosol Optical Properties (AOP) instruments: Cavity Ring-Down Spectrometer (CRDS) and Photoacoustic Absorption Spectrometer (PAS)
AEROMMA 2023
1, 1
2023, 06, 23, 2024, 03, 26
1
Time_start, seconds_past_midnight, seconds from midnight
20
1, 1, 1, 1, 1, 1, 1, 1, 1, 1, 1, 1, 1, 1, 1, 1, 1, 1, 1, 1
-9999, -9999, -9999, -9999, -9999, -9999, -9999, -9999, -9999, -9999, -9999, -9999, -9999, -9999, -9999, -9999, -9999, -9999, -9999, -9999
ext_dry_405, Mm-1, AerOpt_Extinction_InSitu_blue_RHd_PM2.5_STP
ext_dry_532, Mm-1, AerOpt_Extinction_InSitu_green_RHd_PM2.5_STP
ext_dry_664, Mm-1, AerOpt_Extinction_InSitu_red_RHd_PM2.5_STP
ext_medRH_664, Mm-1, AerOpt_Extinction_InSitu_red_medRH_PM2.5_STP
ext_highRH_664, Mm-1, AerOpt_Extinction_InSitu_red_highRH_PM2.5_STP
ext_TD_405, Mm-1, AerOpt_ExtinctionTD_InSitu_blue_RHd_PM2.5_STP
ext_TD_664, Mm-1, AerOpt_ExtinctionTD_InSitu_red_RHd_PM2.5_STP
AOP_RH_dry, pct, RHd_InSitu_Extinction_Absorption_Channels
AOP_RH_med, pct, AerOpt_Extinction_InSitu_red_medRH
AOP_RH_high, pct, AerOpt_Extinction_InSitu_red_highRH
AOP_filter_flag, dimensionless, AerOpt_filter_period
AOP_medRH_bypass, dimensionless, AerOpt_Extinction_medRH_humidifier_bypass_period
AOP_highRH_bypass, dimensionless, AerOpt_Extinction_highRH_humidifier_bypass_period
AOP_TD_bypass_flag, dimensionless, AerOpt_TD_bypass_period
cloud_removal_flag, dimensionless, Cloud_Removal_Flag_CAPS_CloudIndicator_2_3_4
abs_dry_405, Mm-1, AerOpt_Absorption_InSitu_blue_RHd_PM2.5_STP
abs_dry_532, Mm-1, AerOpt_Absorption_InSitu_green_RHd_PM2.5_STP
abs_dry_664, Mm-1, AerOpt_Absorption_InSitu_red_RHd_PM2.5_STP
abs_TD_405, Mm-1, AerOpt_AbsorptionTD_InSitu_blue_RHd_PM2.5_STP
abs_TD_664, Mm-1, AerOpt_AbsorptionTD_InSitu_green_RHd_PM2.5_STP
1
SPECIAL COMMENTS: In-cloud data has been removed based on Cloudindicator_CAPS (removed data where Cloudindicator_CAPS is 2, 3, or 4). Dry channels T probe is not reliable. Dry channels T were taken as an average of both RH channels based on past measurements. Medium and high RH values have a standard deviation of 5%.
19
PI_CONTACT_INFO: Email: han.huynh@noaa.gov. Address: NOAA Chemical Sciences Laboratory, R/CSL2, 325 Broadway, Boulder, CO 80305.
PLATFORM: NASA DC-8
LOCATION: See the DC8 MetNav file, Based in Palmdale (CA) and Dayton (OH)
ASSOCIATED_DATA: N/A
[...]
DATA_INFO: Extinction and absorption values were reported in Mm-1. The flag columns (e.g., AOP_filter_flag) reported either 0 or 1 value. The RH columns reported values in %RH. The measurements were time-aligned with DLH measurement.
UNCERTAINTY: The precision of the extinction measurements varies with aerosol loading and is +/-20% at 10 Mm-1 and +/-5% at 100 Mm-1. The accuracy of the dry measurement is +/-2% and depends on RH for the humidified measurements. For more details, see Langridge et al., Aerosol Science and Technology 45:1305-1318, 2011. The absorption measurements have a high signal accuracy of 20%. The low signal precision varies with altitude and flight to flight, and is typically less than 10 Mm-1 for 1 second measurements.
ULOD_FLAG: -7777
ULOD_VALUE: N/A
LLOD_FLAG: -8888
LLOD_VALUE: N/A
DM_CONTACT_INFO: Han Huynh, han.huynh@noaa.gov, NOAA Chemical Sciences Laboratory, R/CSL2, 325 Broadway, Boulder, CO 80305
PROJECT_INFO: AEROMMA 2023, https://csl.noaa.gov/projects/aeromma
STIPULATIONS_ON_USE: NASA Data Policy. Contact with PI is encouraged.
OTHER_COMMENTS: N/A
REVISION: R0
R0: final data.
RA: Preliminary data collected in the field. 
Time_start, ext_dry_405, ext_dry_532, ext_dry_664, ext_medRH_664, ext_highRH_664, ext_TD_405, ext_TD_664, AOP_RH_dry, AOP_RH_med, AOP_RH_high, AOP_filter_flag, AOP_medRH_bypass, AOP_highRH_bypass, AOP_TD_bypass_flag, cloud_removal_flag, abs_dry_405, abs_dry_532, abs_dry_664, abs_TD_405, abs_TD_664
[from data line 2939]
68666,0.062,0.509,-0.806,-0.614,-1.930,-9999.000,1.153,12.132,84.224,88.662,0,0,0,0,0,0.448,-2.483,0.176,-9999.000,4.088
68667,0.321,0.437,-0.900,-0.600,-1.970,-9999.000,1.150,12.128,84.224,88.582,0,0,0,0,0,0.437,-0.900,-0.516,-9999.000,2.243
68668,0.243,0.481,-0.814,-0.557,-2.016,-9999.000,0.978,12.126,84.235,88.511,0,0,0,0,0,-0.857,0.239,-0.362,-9999.000,3.384
68669,0.179,0.424,-0.832,-0.506,-2.011,-9999.000,0.920,12.119,84.251,88.450,0,0,0,0,0,0.114,-1.587,-0.601,-9999.000,-1.974
68670,0.478,0.483,-0.877,-0.587,-2.021,-9999.000,0.949,12.125,84.285,88.397,0,0,0,0,0,-0.100,-0.294,0.504,-9999.000,7.000
68671,0.300,0.380,-0.741,-0.595,-1.953,-9999.000,1.140,12.122,84.347,88.349,0,0,0,0,0,-0.731,-0.011,-0.618,-9999.000,0.335
68672,0.371,0.484,-0.735,-0.515,-1.923,-9999.000,1.245,12.121,84.440,88.311,0,0,0,0,0,-0.731,-0.015,-0.617,-9999.000,-1.597
68673,0.290,0.529,-0.757,-0.570,-1.929,-9999.000,1.192,12.116,84.525,88.276,0,0,0,0,0,-9999.000,-9999.000,-9999.000,-9999.000,6.524
68674,0.305,0.509,-0.673,-0.595,-1.832,-9999.000,1.065,12.114,84.625,88.251,0,0,0,0,0,-9999.000,-9999.000,-9999.000,-9999.000,2.232
68675,0.551,0.593,-0.849,-0.579,-1.760,-9999.000,1.032,12.112,84.709,88.243,0,0,0,0,0,-9999.000,-9999.000,-9999.000,-9999.000,-1.106
68676,0.518,0.668,-0.845,-0.427,-1.791,-9999.000,1.161,12.120,84.810,88.233,0,0,0,0,0,-9999.000,-9999.000,-9999.000,6.007,2.905
68677,0.086,0.527,-0.860,-0.554,-1.754,-9999.000,1.078,12.108,84.887,88.225,0,0,0,0,0,-9999.000,-9999.000,-9999.000,-1.569,2.397
68678,-0.107,0.375,-0.831,-0.544,-1.729,-9999.000,0.994,12.101,84.968,88.203,0,0,0,0,0,-9999.000,-9999.000,-9999.000,2.467,1.868
68679,0.143,0.489,-0.783,-0.550,-1.701,-9999.000,1.203,12.098,85.058,88.184,0,0,0,0,0,-9999.000,-9999.000,-9999.000,-0.264,5.418
68680,0.133,0.352,-0.835,-0.564,-1.557,-9999.000,1.151,12.085,85.157,88.165,0,0,0,0,0,-9999.000,-9999.000,-9999.000,3.486,0.020
68681,0.142,0.413,-0.824,-0.575,-1.606,-9999.000,1.130,12.072,85.258,88.162,0,0,0,0,0,-9999.000,-9999.000,-9999.000,-1.716,-0.296
68682,0.098,0.278,-0.887,-0.549,-1.556,-9999.000,1.202,12.063,85.362,88.154,0,0,0,0,0,-9999.000,-9999.000,-9999.000,5.443,-0.598
68683,0.222,0.393,-0.880,-0.523,-1.647,-9999.000,1.115,12.068,85.469,88.142,0,0,0,0,0,-9999.000,-9999.000,-9999.000,-0.483,1.845
68684,0.293,0.408,-0.913,-0.448,-1.636,-9999.000,1.129,12.068,85.575,88.140,0,0,0,0,0,-9999.000,-9999.000,-9999.000,2.566,-3.475
68685,-0.025,0.397,-0.717,-0.436,-1.134,-9999.000,1.475,12.067,85.670,88.134,0,0,0,0,0,0.962,0.389,-1.645,-1.863,0.946
68686,0.086,0.540,-0.700,-0.539,-1.539,-9999.000,1.311,12.074,85.774,88.132,0,0,0,0,0,-0.121,-1.434,-0.625,0.414,-0.398
68687,1.120,1.807,-0.567,-0.560,-1.580,-9999.000,1.065,12.067,85.882,88.125,0,0,0,0,0,-0.719,-0.739,-0.366,-1.134,1.125
68688,-0.184,1.953,-0.626,-0.518,-1.482,-9999.000,1.118,12.057,85.990,88.115,0,0,0,0,0,0.109,-0.337,0.368,0.950,3.683
68689,0.808,0.815,-0.560,-0.488,-1.620,-9999.000,1.025,12.051,86.096,88.100,0,0,0,0,0,-0.046,-0.327,-0.657,1.082,0.114
68690,0.708,0.435,-0.775,0.208,-1.445,-9999.000,1.127,12.037,86.195,88.066,0,0,0,0,0,-0.107,1.827,-0.863,-3.655,1.306
68691,0.320,0.441,-0.871,-0.117,-0.859,-9999.000,1.030,12.025,86.277,88.048,0,0,0,0,0,-0.285,0.449,-1.382,0.932,2.298
68692,0.718,0.547,-0.503,-0.145,-1.352,-9999.000,1.116,12.018,86.351,88.017,0,0,0,0,0,0.409,2.822,-1.299,3.405,0.843
68693,0.384,0.552,-0.806,-0.430,-1.311,-9999.000,1.151,12.011,86.451,88.001,0,0,0,0,0,0.186,-0.477,-1.971,2.487,-0.722
68694,0.621,0.450,-0.681,-0.498,-1.299,-9999.000,1.118,12.012,86.519,87.961,0,0,0,0,0,-0.097,1.657,-1.050,-1.909,-1.058
68695,0.418,0.600,-0.780,-0.331,-1.355,-9999.000,1.157,12.010,86.595,87.922,0,0,0,0,0,-0.031,3.106,-2.023,5.981,-0.067
68696,0.391,0.493,-0.792,-0.491,-1.305,-9999.000,1.031,12.001,86.668,87.880,0,0,0,0,0,-0.412,-3.405,-1.488,1.101,4.387
68697,0.725,0.379,-0.800,-0.434,-1.452,-9999.000,1.038,11.990,86.751,87.853,0,0,0,0,0,0.351,-0.748,-1.231,1.935,-1.593
68698,0.851,0.487,-0.767,-0.377,-0.886,-9999.000,1.181,11.983,86.828,87.826,0,0,0,0,0,0.564,-0.485,-0.327,0.355,4.770
68699,0.683,0.915,-0.950,-0.545,-1.252,-9999.000,1.105,11.986,86.887,87.788,0,0,0,0,0,0.012,-0.982,-0.768,-2.019,1.517
68700,0.529,0.629,-0.874,-0.498,-1.175,-9999.000,1.026,11.981,86.944,87.761,0,0,0,0,0,0.153,-1.850,-0.529,-0.584,0.803
68701,0.421,0.410,-0.748,-0.377,-1.036,-9999.000,1.170,11.971,86.989,87.735,0,0,0,0,0,0.620,-4.191,-0.370,-1.726,0.321
68702,0.907,0.585,-0.800,-0.517,-1.032,-9999.000,1.128,11.966,87.023,87.720,0,0,0,0,0,-0.129,-1.132,-0.824,3.550,-2.807
68703,0.469,0.883,-0.813,-0.355,-1.307,-9999.000,1.105,11.960,87.052,87.707,0,0,0,0,0,0.203,-1.249,-0.406,0.711,5.660
68704,0.389,0.657,-0.784,0.060,-1.339,-9999.000,1.133,11.966,87.086,87.706,0,0,0,0,0,-0.116,-2.131,-1.457,2.670,6.488
68705,0.891,0.822,-0.645,0.338,-1.290,-9999.000,1.113,11.961,87.105,87.705,0,0,0,0,0,-0.438,1.753,-0.855,-2.241,0.771
68706,0.480,0.491,-0.585,0.192,-1.012,-9999.000,1.000,11.957,87.109,87.703,0,0,0,0,0,0.587,0.570,-0.798,5.206,-1.717
68707,0.734,0.698,-0.214,-0.315,-1.117,-9999.000,1.072,11.951,87.109,87.702,0,0,0,0,0,0.249,-0.229,-1.050,2.365,3.529
68708,0.720,1.037,-0.260,-0.356,-1.134,-9999.000,0.946,11.933,87.119,87.699,0,0,0,0,0,0.134,1.450,-1.354,-0.032,2.543
68709,0.597,0.643,-0.723,-0.235,-1.021,-9999.000,0.731,11.914,87.084,87.725,0,0,0,0,0,0.036,-1.210,-1.557,2.407,-1.397
68710,0.644,0.475,-0.776,-0.158,-0.769,-9999.000,0.591,11.918,87.007,87.730,0,0,0,0,0,-0.190,-1.086,-0.908,1.602,0.364
68711,0.544,1.040,-0.755,-0.566,-0.981,-9999.000,0.804,11.917,86.908,87.746,0,0,0,0,0,-0.934,-0.812,-0.931,3.077,0.755
68712,0.959,0.727,-0.389,-0.087,-0.840,-9999.000,0.755,11.916,86.778,87.768,0,0,0,0,0,0.356,-0.501,-1.713,-1.151,0.452
68713,0.489,0.626,-0.469,0.059,-0.853,-9999.000,0.739,11.902,86.640,87.785,0,0,0,0,0,0.382,0.683,-0.522,5.252,2.216
68714,0.407,0.619,-0.647,-0.558,-0.331,-9999.000,0.692,11.893,86.496,87.809,0,0,0,0,0,0.793,-0.232,-2.195,-0.993,2.179
68715,1.179,0.726,-0.343,-0.323,-0.697,-9999.000,0.717,11.889,86.360,87.828,0,0,0,0,0,0.409,2.099,-0.291,0.986,2.269
68716,1.685,0.852,-0.351,-0.266,-0.247,-9999.000,0.740,11.862,86.189,87.850,0,0,0,0,0,-0.142,0.946,-1.201,2.356,1.136
68717,1.534,0.804,-0.373,-0.396,-0.277,-9999.000,0.805,11.842,86.014,87.862,0,0,0,0,0,-0.040,-2.610,-0.842,3.480,2.816
68718,1.077,1.264,-0.352,-0.411,-0.261,-9999.000,0.815,11.836,85.863,87.868,0,0,0,0,0,-0.392,-0.532,-0.341,1.592,-1.318
68719,1.603,0.479,-0.273,-0.463,-0.636,-9999.000,0.781,11.837,85.735,87.882,0,0,0,0,0,-0.399,-1.386,-0.355,-1.791,-1.084
68720,0.628,0.869,-0.505,-0.440,-0.637,-9999.000,0.725,11.832,85.616,87.893,0,0,0,0,0,-0.400,0.014,-1.581,1.140,1.704
68721,0.625,0.712,-0.648,-0.518,-0.450,-9999.000,0.680,11.831,85.488,87.897,0,0,0,0,0,1.203,0.979,0.030,-3.787,1.130
68722,0.377,0.483,-0.619,-0.576,-0.355,-9999.000,1.555,11.830,85.378,87.901,0,0,0,0,0,-0.129,-0.880,-1.891,0.208,3.604
68723,0.590,0.447,-0.603,-0.438,-0.582,-9999.000,0.819,11.830,85.290,87.912,0,0,0,0,0,0.380,-2.777,-1.104,0.627,-1.220
68724,0.624,0.506,-0.558,-0.508,-0.536,-9999.000,0.784,11.827,85.203,87.908,0,0,0,0,0,-0.219,-1.430,0.366,3.946,-1.786
68725,0.767,0.470,-0.676,-0.512,-0.678,-9999.000,0.747,11.822,85.122,87.913,0,0,0,0,0,-0.338,0.992,0.326,-0.153,2.402
68726,0.678,0.431,-0.673,-0.493,-0.523,-9999.000,0.691,11.818,85.046,87.906,0,0,0,0,0,-0.073,-0.695,-0.733,0.836,1.731
68727,0.739,0.451,-0.613,-0.446,-0.369,-9999.000,0.969,11.805,84.996,87.898,0,0,0,0,0,0.252,1.551,-0.459,-2.512,1.571
68728,0.851,0.597,-0.209,-0.512,-0.553,-9999.000,0.937,11.804,84.943,87.889,0,0,0,0,0,-0.006,-1.757,-0.147,1.208,1.007
68729,0.473,0.449,-0.554,-0.572,0.468,-9999.000,0.568,11.797,84.908,87.867,0,0,0,0,0,0.084,2.671,0.031,4.046,3.583
68730,0.567,0.526,-0.453,-0.548,-0.392,-9999.000,0.753,11.796,84.890,87.840,0,0,0,0,0,0.199,-2.534,-1.483,-3.888,1.384
68731,0.708,0.706,-0.736,-0.453,-0.270,-9999.000,0.656,11.793,84.876,87.823,0,0,0,0,0,0.336,-1.576,-0.624,-0.344,1.638
68732,0.956,0.461,-0.807,-0.356,-0.399,-9999.000,0.591,11.784,84.869,87.799,0,0,0,0,0,0.469,1.684,-0.888,-0.964,1.045
68733,0.384,0.561,-0.322,-0.064,-0.505,-9999.000,0.630,11.786,84.865,87.792,0,0,0,0,0,-0.312,0.981,0.250,2.331,-1.074
68734,0.686,0.632,-0.529,-0.357,-0.464,-9999.000,0.497,11.787,84.868,87.778,0,0,0,0,0,-0.072,3.009,-1.265,1.411,0.091
68735,0.817,0.519,-0.546,-0.538,-0.205,-9999.000,0.386,11.782,84.869,87.771,0,0,0,0,0,0.065,-1.244,-1.086,3.343,-1.397
68736,0.797,0.741,-0.649,-0.395,-0.098,-9999.000,0.292,11.774,84.885,87.761,0,0,0,0,0,0.214,-1.497,-1.315,-0.541,3.361
68737,0.779,0.536,-0.630,-0.428,0.732,-9999.000,0.098,11.773,84.918,87.759,0,0,0,0,0,-0.049,-0.411,-1.539,-0.278,-0.386
68738,1.486,0.830,-0.517,-0.112,-0.073,-9999.000,0.169,11.754,84.975,87.759,0,0,0,0,0,-0.242,0.427,-1.073,3.741,-2.364
68739,1.760,0.994,-0.252,0.085,0.074,-9999.000,0.140,11.752,85.040,87.761,0,0,0,0,0,-0.148,-0.153,-0.486,-2.520,5.436
68740,2.084,1.131,-0.280,-0.210,0.239,-9999.000,-0.109,11.751,85.114,87.762,0,0,0,0,0,-0.255,1.176,-1.523,-0.568,0.987
68741,1.942,1.799,-0.069,0.879,0.128,-9999.000,0.017,11.749,85.175,87.771,0,0,0,0,0,0.127,-0.710,-0.783,1.035,-0.236
68742,2.135,2.193,0.490,0.886,0.171,-9999.000,0.948,11.738,85.228,87.774,0,0,0,0,0,-0.180,-0.982,-0.226,0.896,-1.696
68743,2.695,2.625,1.000,0.267,0.771,-9999.000,1.320,11.734,85.295,87.787,0,0,0,0,0,-0.321,1.482,0.010,1.956,0.163
68744,4.034,2.597,0.593,0.439,1.049,-9999.000,0.291,11.726,85.385,87.799,0,0,0,0,0,-0.077,-2.338,-1.074,-1.677,4.214
68745,5.541,3.831,1.415,1.508,1.024,-9999.000,0.859,11.728,85.488,87.819,0,0,0,0,0,-0.366,0.029,0.371,0.520,-1.723
68746,5.800,4.801,1.246,2.045,2.144,-9999.000,1.485,11.729,85.578,87.840,0,0,0,0,0,0.173,-0.408,-0.831,-0.134,-1.046
68747,6.184,5.051,1.562,5.221,4.570,-9999.000,0.719,11.724,85.675,87.861,0,0,0,0,0,-0.031,0.453,0.567,1.023,0.414
68748,5.629,4.628,1.175,3.519,7.073,-9999.000,0.978,11.724,85.775,87.889,0,0,0,0,0,-0.115,-0.553,-1.238,1.802,-4.783
68749,7.811,4.689,2.670,4.234,4.324,-9999.000,0.356,11.719,85.864,87.911,0,0,0,0,0,0.710,0.813,0.402,2.429,-2.760
68750,5.185,5.203,3.069,2.642,4.063,-9999.000,2.598,11.714,85.968,87.932,0,0,0,0,0,0.806,0.868,-0.072,4.281,3.115
68751,8.260,4.782,2.913,6.826,2.385,-9999.000,4.402,11.711,86.067,87.946,0,0,0,0,0,0.100,-0.895,-0.945,-1.900,1.873
68752,7.275,5.600,2.144,6.971,1.902,-9999.000,3.996,11.706,86.171,87.962,0,0,0,0,0,0.897,0.577,-0.075,1.250,1.910
68753,8.303,6.902,4.284,4.979,3.856,-9999.000,1.432,11.706,86.273,87.975,0,0,0,0,0,-0.005,-2.142,-0.936,-2.474,9.742
68754,10.618,7.088,3.187,3.236,4.775,-9999.000,0.293,11.699,86.388,87.984,0,0,0,0,0,0.744,-1.375,0.244,1.319,1.895
68755,13.913,7.243,3.239,4.332,5.800,-9999.000,0.418,11.685,86.488,87.985,0,0,0,0,0,0.346,-1.533,-1.024,0.984,1.219
68756,13.105,9.244,3.625,4.262,5.796,-9999.000,1.002,11.669,86.573,87.981,0,0,0,0,0,-0.395,-1.388,0.684,-1.078,2.523
68757,15.263,10.795,5.156,8.000,7.968,-9999.000,0.998,11.666,86.660,87.980,0,0,0,0,0,0.140,-0.177,-0.130,2.826,-1.504
68758,19.918,10.307,4.782,7.819,6.683,-9999.000,1.014,11.668,86.745,87.973,0,0,0,0,0,0.099,3.051,1.702,-0.421,3.562
68759,20.040,12.928,5.959,7.691,7.705,-9999.000,2.408,11.659,86.822,87.959,0,0,0,0,0,0.578,0.535,-1.802,0.675,3.039
68760,21.667,13.218,6.472,9.329,8.807,-9999.000,3.695,11.666,86.897,87.939,0,0,0,0,0,0.291,-2.952,-1.307,3.640,0.297
68761,24.839,13.657,7.343,7.037,8.938,2.198,2.593,11.666,86.973,87.916,0,0,0,0,0,0.498,0.581,0.487,0.812,-2.167
68762,24.025,16.636,11.555,9.333,9.359,2.185,1.606,11.657,87.039,87.900,0,0,0,0,0,0.935,-1.410,-0.142,0.152,0.897
68763,26.292,15.512,8.875,12.309,13.868,2.372,0.873,11.656,87.100,87.886,0,0,0,0,0,0.981,1.141,-1.405,0.538,-1.259
68764,17.896,11.242,5.927,7.490,9.732,1.597,0.660,11.655,87.159,87.880,0,0,0,0,0,0.498,1.022,1.305,-4.167,-3.705
68765,14.327,11.376,3.745,5.917,5.392,1.929,1.100,11.643,87.206,87.867,0,0,0,0,0,0.524,-1.001,-0.236,-0.944,2.146
68766,12.508,7.204,2.945,5.610,4.958,2.013,1.291,11.645,87.250,87.866,0,0,0,0,0,0.348,1.261,-0.666,2.349,1.086
68767,9.729,6.156,3.309,4.775,5.288,1.175,0.861,11.624,87.285,87.859,0,0,0,0,0,-0.073,-1.909,0.009,-0.489,1.127
68768,8.122,5.395,2.547,3.798,5.919,2.179,2.151,11.612,87.312,87.852,0,0,0,0,0,0.531,1.012,-0.446,-0.552,5.995
68769,6.697,4.905,3.543,7.590,8.008,3.565,3.856,11.604,87.324,87.847,0,0,0,0,0,-0.377,-0.759,0.307,-1.478,13.531
68770,8.046,5.493,3.050,4.894,5.865,2.360,1.664,11.602,87.328,87.848,0,0,0,0,0,-0.216,-0.126,-0.643,2.333,0.739
68771,8.284,5.204,5.033,2.429,3.491,2.284,0.605,11.580,87.324,87.848,0,0,0,0,0,0.418,-2.927,-0.823,1.220,-3.132
68772,7.898,5.020,3.969,3.850,4.544,1.341,0.386,11.577,87.321,87.847,0,0,0,0,0,0.887,2.161,0.983,3.520,-2.356
68773,9.709,5.713,2.581,6.993,6.672,0.662,0.558,11.576,87.295,87.853,0,0,0,0,0,1.506,4.629,-0.761,-0.225,3.205
68774,6.885,5.092,3.204,4.507,8.043,1.044,1.048,11.570,87.235,87.858,0,0,0,0,0,1.211,-0.803,0.497,3.415,-0.065
68775,9.496,6.406,2.652,2.647,6.359,1.572,1.026,11.572,87.139,87.872,0,0,0,0,0,-0.240,1.512,-1.274,0.583,-1.752
68776,8.854,7.138,3.043,3.892,8.897,1.538,0.914,11.564,87.006,87.891,0,0,0,0,0,1.187,0.133,-1.310,2.621,1.681
68777,7.507,7.585,2.181,3.248,8.005,1.051,0.724,11.567,86.865,87.914,0,0,0,0,0,-0.047,0.563,1.641,2.385,-0.683
68778,5.876,4.055,1.557,3.618,8.988,0.796,0.357,11.564,86.709,87.930,0,0,0,0,0,0.631,-3.126,1.039,-1.329,-0.807
68779,7.347,5.735,5.391,4.525,5.317,1.491,0.509,11.566,86.553,87.941,0,0,0,0,0,0.001,-1.413,-0.106,3.701,3.376
68780,8.016,6.676,3.221,3.688,6.914,1.808,0.538,11.561,86.374,87.953,0,0,0,0,0,-0.518,-0.100,-0.771,-0.429,-0.353
68781,9.070,4.745,2.262,3.264,8.482,0.283,0.795,11.555,86.215,87.961,0,0,0,0,0,-0.286,-2.015,-1.455,-1.621,2.044
68782,8.474,5.887,1.945,2.525,5.620,-0.021,0.786,11.536,86.049,87.968,0,0,0,0,0,1.056,-1.729,1.363,0.001,5.109
68783,11.722,5.193,2.025,3.484,5.052,0.641,1.095,11.533,85.898,87.971,0,0,0,0,0,0.471,0.058,-0.805,0.139,1.935
68784,7.272,4.225,1.947,5.521,3.638,1.653,1.354,11.530,85.750,87.975,0,0,0,0,0,0.524,2.014,-0.306,0.845,1.297
68785,7.204,4.428,3.282,3.655,4.883,-0.016,1.344,11.527,85.611,87.974,0,0,0,0,0,0.478,-1.780,-1.217,0.411,1.207
68786,7.623,5.381,1.915,3.602,4.143,-0.323,1.098,11.517,85.489,87.977,0,0,0,0,0,0.473,-1.137,-1.079,1.567,0.380
68787,8.118,4.835,1.158,5.994,6.082,-0.004,1.060,11.515,85.387,87.971,0,0,0,0,0,-0.438,-2.534,-0.800,1.019,2.845
68788,8.015,5.388,2.594,4.004,4.342,0.365,1.323,11.504,85.269,87.974,0,0,0,0,0,0.195,-1.425,-0.509,0.400,2.929
68789,8.155,5.105,4.643,3.109,4.231,0.313,2.401,11.495,85.180,87.968,0,0,0,0,0,0.368,0.811,-1.503,1.127,-0.795
68790,8.085,5.054,4.129,4.868,3.249,1.816,1.676,11.500,85.084,87.956,0,0,0,0,0,0.706,2.403,-0.634,1.020,2.520
68791,7.191,5.202,2.846,3.130,3.640,1.053,1.234,11.495,85.033,87.937,0,0,0,0,0,0.149,-2.711,-0.612,0.330,-0.375
68792,7.201,4.559,3.022,4.610,5.062,0.966,2.002,11.485,84.984,87.918,0,0,0,0,0,0.617,-0.392,0.072,0.500,2.219
68793,6.235,5.254,2.646,2.756,4.221,1.235,1.225,11.492,84.948,87.883,0,0,0,0,0,-0.494,0.541,-1.314,1.478,-1.474
68794,6.695,5.839,4.109,4.851,4.905,0.886,1.721,11.477,84.910,87.855,0,0,0,0,0,-0.213,-1.535,-0.557,3.030,1.179
68795,7.026,4.793,3.487,3.853,5.545,1.827,1.514,11.462,84.885,87.830,0,0,0,0,0,0.273,2.494,-0.262,0.681,-0.301
68796,7.520,4.296,1.378,5.370,3.407,2.162,1.680,11.454,84.862,87.814,0,0,0,0,0,0.048,-2.422,-1.915,1.894,-1.393
68797,7.816,3.847,2.362,5.184,7.042,1.244,3.289,11.428,84.844,87.791,0,0,0,0,0,-0.636,-0.458,-1.019,3.139,-3.688
68798,8.466,5.618,3.015,3.314,3.629,0.956,2.117,11.412,84.831,87.772,0,0,0,0,0,0.024,0.032,-0.751,0.994,1.484
68799,7.672,4.619,2.489,3.187,5.728,1.064,1.124,11.408,84.828,87.747,0,0,0,0,0,0.822,1.632,0.100,-1.609,5.828
68800,8.697,5.205,2.317,7.213,7.048,1.201,1.330,11.406,84.832,87.724,0,0,0,0,0,0.424,-0.987,-0.860,0.641,7.545
