data/in-situ-aerosol/AEROMMA-AOP-Optical_DC8_20230623_R0.ict
54, 1001
Han Huynh, Adam Ahern, Charles Brock, Ming Lyu
NOAA Chemical Sciences Laboratory
NOAA Aerosol Optical Properties (AOP) instruments: Cavity Ring-Down Spectrometer (CRDS) and Photoacoustic Absorption Spectrometer (PAS)
AEROMMA 2023
1, 1
2023, 06, 23, 2024, 03, 26
1
Time_start, seconds_past_midnight, seconds from midnight
20
1, 1, 1, 1, 1, 1, 1, 1, 1, 1, 1, 1, 1, 1, 1, 1, 1, 1, 1, 1
-9999, -9999, -9999, -9999, -9999, -9999, -9999, -9999, -9999, -9999, -9999, -9999, -9999, -9999, -9999, -9999, -9999, -9999, -9999, -9999
ext_dry_405, Mm-1, AerOpt_Extinction_InSitu_blue_RHd_PM2.5_STP
ext_dry_532, Mm-1, AerOpt_Extinction_InSitu_green_RHd_PM2.5_STP
ext_dry_664, Mm-1, AerOpt_Extinction_InSitu_red_RHd_PM2.5_STP
ext_medRH_664, Mm-1, AerOpt_Extinction_InSitu_red_medRH_PM2.5_STP
ext_highRH_664, Mm-1, AerOpt_Extinction_InSitu_red_highRH_PM2.5_STP
ext_TD_405, Mm-1, AerOpt_ExtinctionTD_InSitu_blue_RHd_PM2.5_STP
ext_TD_664, Mm-1, AerOpt_ExtinctionTD_InSitu_red_RHd_PM2.5_STP
AOP_RH_dry, pct, RHd_InSitu_Extinction_Absorption_Channels
AOP_RH_med, pct, AerOpt_Extinction_InSitu_red_medRH
AOP_RH_high, pct, AerOpt_Extinction_InSitu_red_highRH
AOP_filter_flag, dimensionless, AerOpt_filter_period
AOP_medRH_bypass, dimensionless, AerOpt_Extinction_medRH_humidifier_bypass_period
AOP_highRH_bypass, dimensionless, AerOpt_Extinction_highRH_humidifier_bypass_period
AOP_TD_bypass_flag, dimensionless, AerOpt_TD_bypass_period
cloud_removal_flag, dimensionless, Cloud_Removal_Flag_CAPS_CloudIndicator_2_3_4
abs_dry_405, Mm-1, AerOpt_Absorption_InSitu_blue_RHd_PM2.5_STP
abs_dry_532, Mm-1, AerOpt_Absorption_InSitu_green_RHd_PM2.5_STP
abs_dry_664, Mm-1, AerOpt_Absorption_InSitu_red_RHd_PM2.5_STP
abs_TD_405, Mm-1, AerOpt_AbsorptionTD_InSitu_blue_RHd_PM2.5_STP
abs_TD_664, Mm-1, AerOpt_AbsorptionTD_InSitu_green_RHd_PM2.5_STP
1
SPECIAL COMMENTS: In-cloud data has been removed based on Cloudindicator_CAPS (removed data where Cloudindicator_CAPS is 2, 3, or 4). Dry channels T probe is not reliable. Dry channels T were taken as an average of both RH channels based on past measurements. Medium and high RH values have a standard deviation of 5%.
19
PI_CONTACT_INFO: Email: han.huynh@noaa.gov. Address: NOAA Chemical Sciences Laboratory, R/CSL2, 325 Broadway, Boulder, CO 80305.
PLATFORM: NASA DC-8
LOCATION: See the DC8 MetNav file, Based in Palmdale (CA) and Dayton (OH)
ASSOCIATED_DATA: N/A
[...]
DATA_INFO: Extinction and absorption values were reported in Mm-1. The flag columns (e.g., AOP_filter_flag) reported either 0 or 1 value. The RH columns reported values in %RH. The measurements were time-aligned with DLH measurement.
UNCERTAINTY: The precision of the extinction measurements varies with aerosol loading and is +/-20% at 10 Mm-1 and +/-5% at 100 Mm-1. The accuracy of the dry measurement is +/-2% and depends on RH for the humidified measurements. For more details, see Langridge et al., Aerosol Science and Technology 45:1305-1318, 2011. The absorption measurements have a high signal accuracy of 20%. The low signal precision varies with altitude and flight to flight, and is typically less than 10 Mm-1 for 1 second measurements.
ULOD_FLAG: -7777
ULOD_VALUE: N/A
LLOD_FLAG: -8888
LLOD_VALUE: N/A
DM_CONTACT_INFO: Han Huynh, han.huynh@noaa.gov, NOAA Chemical Sciences Laboratory, R/CSL2, 325 Broadway, Boulder, CO 80305
PROJECT_INFO: AEROMMA 2023, https://csl.noaa.gov/projects/aeromma
STIPULATIONS_ON_USE: NASA Data Policy. Contact with PI is encouraged.
OTHER_COMMENTS: N/A
REVISION: R0
R0: final data.
RA: Preliminary data collected in the field. 
Time_start, ext_dry_405, ext_dry_532, ext_dry_664, ext_medRH_664, ext_highRH_664, ext_TD_405, ext_TD_664, AOP_RH_dry, AOP_RH_med, AOP_RH_high, AOP_filter_flag, AOP_medRH_bypass, AOP_highRH_bypass, AOP_TD_bypass_flag, cloud_removal_flag, abs_dry_405, abs_dry_532, abs_dry_664, abs_TD_405, abs_TD_664
[from data line 12928]
78655,-9999.000,-9999.000,-9999.000,-9999.000,-9999.000,-9999.000,-9999.000,27.374,82.458,88.102,0,0,0,0,1,-9999.000,-9999.000,-9999.000,-9999.000,-9999.000
78656,-9999.000,-9999.000,-9999.000,-9999.000,-9999.000,-9999.000,-9999.000,27.376,82.588,88.120,0,0,0,0,1,-9999.000,-9999.000,-9999.000,-9999.000,-9999.000
78657,-9999.000,-9999.000,-9999.000,-9999.000,-9999.000,-9999.000,-9999.000,27.383,82.741,88.139,0,0,0,0,1,-9999.000,-9999.000,-9999.000,-9999.000,-9999.000
78658,-9999.000,-9999.000,-9999.000,-9999.000,-9999.000,-9999.000,-9999.000,27.381,82.877,88.152,0,0,0,0,1,-9999.000,-9999.000,-9999.000,-9999.000,-9999.000
78659,-9999.000,-9999.000,-9999.000,-9999.000,-9999.000,-9999.000,-9999.000,27.374,83.023,88.161,0,0,0,0,1,-9999.000,-9999.000,-9999.000,-9999.000,-9999.000
78660,-9999.000,-9999.000,-9999.000,-9999.000,-9999.000,-9999.000,-9999.000,27.379,83.150,88.160,0,0,0,0,1,-9999.000,-9999.000,-9999.000,-9999.000,-9999.000
78661,-9999.000,-9999.000,-9999.000,-9999.000,-9999.000,-9999.000,-9999.000,27.388,83.272,88.160,0,0,0,0,1,-9999.000,-9999.000,-9999.000,-9999.000,-9999.000
78662,-9999.000,-9999.000,-9999.000,-9999.000,-9999.000,-9999.000,-9999.000,27.388,83.372,88.153,0,0,0,0,1,-9999.000,-9999.000,-9999.000,-9999.000,-9999.000
78663,-9999.000,-9999.000,-9999.000,-9999.000,-9999.000,-9999.000,-9999.000,27.388,83.471,88.140,0,0,0,0,1,-9999.000,-9999.000,-9999.000,-9999.000,-9999.000
78664,-9999.000,-9999.000,-9999.000,-9999.000,-9999.000,-9999.000,-9999.000,27.384,83.558,88.137,0,0,0,0,1,-9999.000,-9999.000,-9999.000,-9999.000,-9999.000
78665,-9999.000,-9999.000,-9999.000,-9999.000,-9999.000,-9999.000,-9999.000,27.372,83.637,88.118,0,0,0,0,1,-9999.000,-9999.000,-9999.000,-9999.000,-9999.000
78666,-9999.000,-9999.000,-9999.000,-9999.000,-9999.000,-9999.000,-9999.000,27.375,83.719,88.104,0,0,0,0,1,-9999.000,-9999.000,-9999.000,-9999.000,-9999.000
78667,-9999.000,-9999.000,-9999.000,-9999.000,-9999.000,-9999.000,-9999.000,27.393,83.787,88.083,0,0,0,0,1,-9999.000,-9999.000,-9999.000,-9999.000,-9999.000
78668,-9999.000,-9999.000,-9999.000,-9999.000,-9999.000,-9999.000,-9999.000,27.390,83.836,88.071,0,0,0,0,1,-9999.000,-9999.000,-9999.000,-9999.000,-9999.000
78669,-9999.000,-9999.000,-9999.000,-9999.000,-9999.000,-9999.000,-9999.000,27.401,83.861,88.064,0,0,0,0,1,-9999.000,-9999.000,-9999.000,-9999.000,-9999.000
78670,-9999.000,-9999.000,-9999.000,-9999.000,-9999.000,-9999.000,-9999.000,27.414,83.884,88.048,0,0,0,0,1,-9999.000,-9999.000,-9999.000,-9999.000,-9999.000
78671,-9999.000,-9999.000,-9999.000,-9999.000,-9999.000,-9999.000,-9999.000,27.417,83.893,88.036,0,0,0,0,1,-9999.000,-9999.000,-9999.000,-9999.000,-9999.000
78672,-9999.000,-9999.000,-9999.000,-9999.000,-9999.000,-9999.000,-9999.000,27.425,83.895,88.020,0,0,0,0,1,-9999.000,-9999.000,-9999.000,-9999.000,-9999.000
78673,-9999.000,-9999.000,-9999.000,-9999.000,-9999.000,-9999.000,-9999.000,27.422,83.894,88.017,0,0,0,0,1,-9999.000,-9999.000,-9999.000,-9999.000,-9999.000
78674,-9999.000,-9999.000,-9999.000,-9999.000,-9999.000,-9999.000,-9999.000,27.435,83.880,88.006,0,0,0,0,1,-9999.000,-9999.000,-9999.000,-9999.000,-9999.000
78675,-9999.000,-9999.000,-9999.000,-9999.000,-9999.000,-9999.000,-9999.000,27.423,83.816,88.006,0,0,0,0,1,-9999.000,-9999.000,-9999.000,-9999.000,-9999.000
78676,-9999.000,-9999.000,-9999.000,-9999.000,-9999.000,-9999.000,-9999.000,27.430,83.693,88.004,0,0,0,0,1,-9999.000,-9999.000,-9999.000,-9999.000,-9999.000
78677,-9999.000,-9999.000,-9999.000,-9999.000,-9999.000,-9999.000,-9999.000,27.431,83.577,88.006,0,0,0,0,1,-9999.000,-9999.000,-9999.000,-9999.000,-9999.000
78678,-9999.000,-9999.000,-9999.000,-9999.000,-9999.000,-9999.000,-9999.000,27.447,83.436,88.018,0,0,0,0,1,-9999.000,-9999.000,-9999.000,-9999.000,-9999.000
78679,-9999.000,-9999.000,-9999.000,-9999.000,-9999.000,-9999.000,-9999.000,27.461,83.263,88.037,0,0,0,0,1,-9999.000,-9999.000,-9999.000,-9999.000,-9999.000
78680,-9999.000,-9999.000,-9999.000,-9999.000,-9999.000,-9999.000,-9999.000,27.457,83.068,88.048,0,0,0,0,1,-9999.000,-9999.000,-9999.000,-9999.000,-9999.000
78681,8.323,3.965,3.795,6.759,8.503,1.396,2.904,27.441,82.858,88.061,0,0,0,0,0,-0.379,-0.327,-0.045,0.897,-0.995
78682,7.674,4.605,4.669,6.360,6.782,1.404,0.426,27.441,82.642,88.076,0,0,0,0,0,0.011,0.455,-1.041,0.158,-2.031
78683,8.527,4.712,2.899,8.683,9.425,0.201,0.125,27.447,82.440,88.094,0,0,0,0,0,-0.492,1.627,0.679,-0.265,-2.077
78684,8.766,3.632,2.985,5.241,6.441,-0.047,2.788,27.465,82.237,88.126,0,0,0,0,0,0.105,-0.375,-0.057,-1.018,-3.556
78685,7.474,5.094,3.477,4.775,4.940,0.027,1.644,27.468,82.003,88.155,0,0,0,0,0,0.299,-0.046,0.954,1.303,-0.762
78686,7.220,5.170,3.247,6.093,7.028,-0.151,0.380,27.469,81.782,88.178,0,0,0,0,0,0.530,-0.680,0.380,0.805,-2.476
78687,7.277,5.183,5.068,10.864,13.917,-0.167,0.122,27.472,81.574,88.193,0,0,0,0,0,0.360,0.403,0.987,-1.161,-2.245
78688,6.919,5.898,4.542,9.696,11.828,0.306,0.166,27.462,81.399,88.201,0,0,0,0,0,-0.349,0.792,-1.179,1.105,0.202
78689,7.559,6.152,2.519,9.913,7.865,-0.149,0.297,27.466,81.225,88.215,0,0,0,0,0,-0.328,0.952,-0.549,2.284,-0.516
78690,10.559,4.480,2.637,7.082,7.407,-0.155,0.636,27.467,81.073,88.222,0,0,0,0,0,0.494,0.771,-1.322,-2.834,-0.310
78691,8.568,5.684,2.339,10.090,11.302,-0.128,1.333,27.469,80.911,88.224,0,0,0,0,0,-0.032,-0.677,0.426,0.531,-0.563
78692,11.501,5.821,2.785,6.756,6.130,-0.204,0.302,27.464,80.786,88.226,0,0,0,0,0,0.141,-0.442,-0.437,0.009,-0.901
78693,8.165,4.931,2.856,5.767,6.316,-0.087,0.013,27.454,80.671,88.217,0,0,0,0,0,-0.237,2.181,-0.988,-2.217,-0.737
78694,6.674,4.331,2.895,5.226,10.015,-0.007,0.433,27.455,80.592,88.213,0,0,0,0,0,0.175,-2.043,-0.071,-1.351,1.320
78695,7.039,4.693,4.015,5.133,8.428,0.462,1.335,27.454,80.508,88.208,0,0,0,0,0,-0.140,0.014,-0.610,0.326,2.087
78696,7.920,5.955,6.775,7.447,6.590,0.410,2.130,27.447,80.442,88.198,0,0,0,0,0,0.956,-0.970,1.450,-1.101,-0.754
78697,8.217,5.026,5.246,7.440,6.545,0.259,0.703,27.449,80.399,88.170,0,0,0,0,0,-0.030,0.114,0.976,-2.308,-1.291
78698,7.680,5.741,4.699,5.478,9.099,0.183,0.514,27.454,80.379,88.145,0,0,0,0,0,0.469,1.288,0.170,1.855,-0.646
78699,8.195,5.479,3.731,5.805,7.709,0.109,0.106,27.446,80.361,88.123,0,0,0,0,0,0.337,-0.144,-0.157,-0.274,-0.605
78700,10.140,6.531,4.977,5.967,7.269,0.664,0.540,27.449,80.355,88.107,0,0,0,0,0,0.137,0.396,-0.275,0.069,-1.306
78701,11.743,5.470,4.540,5.082,7.249,0.672,0.969,27.448,80.350,88.078,0,0,0,0,0,0.780,3.244,-0.713,0.056,1.629
78702,7.508,5.384,4.311,6.628,10.916,0.542,0.260,27.448,80.357,88.035,0,0,0,0,0,0.211,-1.422,1.240,1.118,-1.160
78703,8.602,6.646,3.156,6.540,7.447,1.322,0.265,27.442,80.377,88.002,0,0,0,0,0,0.058,0.718,-0.109,-1.404,-0.312
78704,9.785,6.013,2.890,6.248,8.684,0.687,0.146,27.446,80.437,87.983,0,0,0,0,0,-0.001,-0.772,0.478,0.707,-1.530
78705,8.595,7.084,4.137,8.236,10.299,0.349,0.372,27.445,80.525,87.968,0,0,0,0,0,1.290,0.457,0.422,1.483,-2.908
78706,7.007,4.980,2.713,8.207,7.438,-0.081,0.167,27.441,80.630,87.961,0,0,0,0,0,-0.064,2.492,-0.071,-0.924,3.014
78707,9.456,4.078,4.139,6.741,11.320,-0.090,0.829,27.439,80.729,87.960,0,0,0,0,0,0.025,-2.915,0.106,-0.116,-3.156
78708,8.934,5.663,4.402,7.103,7.639,0.992,0.335,27.438,80.811,87.960,0,0,0,0,0,0.223,0.078,-0.516,0.949,-3.155
78709,8.294,5.564,3.365,6.772,7.522,0.612,0.007,27.436,80.907,87.959,0,0,0,0,0,0.718,2.774,-0.212,-0.041,-9999.000
78710,7.231,4.559,3.802,8.422,8.078,0.375,1.059,27.441,81.016,87.963,0,0,0,0,0,0.395,0.271,-0.761,-0.498,-9999.000
78711,9.016,4.846,4.571,5.492,8.791,1.414,1.115,27.444,81.152,87.961,0,0,0,0,0,0.409,1.246,1.135,1.525,-9999.000
78712,8.144,4.758,3.519,6.334,7.187,0.263,0.437,27.440,81.278,87.965,0,0,0,0,0,-0.118,1.611,1.048,0.713,-9999.000
78713,7.764,4.926,3.066,6.040,5.747,0.918,0.450,27.438,81.416,87.972,0,0,0,0,0,0.437,1.889,0.587,-0.712,-9999.000
78714,7.281,5.167,3.115,5.479,6.383,0.866,0.384,27.437,81.556,87.980,0,0,0,0,0,-0.415,-0.639,-0.753,-1.695,-9999.000
78715,7.051,4.407,3.065,5.548,10.291,1.248,0.375,27.437,81.702,87.993,0,0,0,0,0,0.412,-2.643,1.423,0.456,-9999.000
78716,6.664,4.541,3.186,5.488,8.869,0.646,0.133,27.435,81.851,88.009,0,0,0,0,0,0.234,-3.557,-0.258,-1.214,-9999.000
78717,7.622,4.907,4.483,6.039,5.189,0.248,0.330,27.432,81.993,88.022,0,0,0,0,0,0.693,1.408,-0.307,1.539,-9999.000
78718,6.835,5.175,4.821,6.768,5.885,0.051,0.145,27.420,82.131,88.033,0,0,0,0,0,0.294,0.673,1.305,1.245,-9999.000
78719,7.295,6.584,3.256,9.728,6.735,0.113,0.337,27.425,82.267,88.043,0,0,0,0,0,0.276,-3.399,0.752,-0.860,-9999.000
78720,8.189,5.613,3.046,10.557,9.020,0.144,0.449,27.421,82.405,88.049,0,0,0,0,0,0.171,4.014,0.572,-0.859,-9999.000
78721,8.008,6.000,3.157,8.628,8.105,1.581,0.102,27.417,82.535,88.055,0,0,0,0,0,0.141,-2.626,0.504,-9999.000,-9999.000
78722,8.270,4.955,3.055,8.241,7.553,0.951,0.178,27.417,82.656,88.058,0,0,0,0,0,0.571,-3.424,-0.271,-9999.000,-2.237
78723,8.465,4.960,3.906,8.102,7.934,0.803,0.491,27.421,82.782,88.058,0,0,0,0,0,0.214,-2.184,-0.298,-9999.000,-1.337
78724,7.860,4.102,3.525,10.989,7.902,0.786,3.218,27.427,82.906,88.058,0,0,0,0,0,0.796,0.526,-0.198,-9999.000,3.437
78725,8.845,3.886,2.902,7.759,6.577,0.767,2.682,27.432,83.021,88.060,0,0,0,0,0,0.500,-1.419,1.275,-9999.000,1.372
78726,8.395,4.958,2.890,6.596,6.128,0.300,0.674,27.422,83.129,88.056,0,0,0,0,0,-0.063,1.549,-0.070,-9999.000,3.415
78727,7.126,6.531,3.444,8.140,5.142,0.668,0.608,27.425,83.237,88.047,0,0,0,0,0,0.270,-3.055,-1.286,-9999.000,1.353
78728,8.731,4.463,2.516,6.481,5.907,0.583,0.662,27.438,83.340,88.040,0,0,0,0,0,-0.219,-3.335,0.288,-9999.000,-3.602
78729,8.629,4.969,2.744,5.027,7.609,0.230,0.225,27.447,83.423,88.029,0,0,0,0,0,-0.219,-3.335,0.289,-9999.000,2.744
78730,7.712,4.319,3.029,5.727,11.437,0.370,0.542,27.447,83.496,88.009,0,0,0,0,0,-9999.000,-9999.000,-9999.000,-9999.000,-0.573
78731,8.767,4.479,4.064,7.197,8.377,0.457,0.374,27.448,83.556,87.975,0,0,0,0,0,-9999.000,-9999.000,-9999.000,-9999.000,-1.590
78732,7.571,5.482,6.945,12.196,8.207,0.359,0.609,27.448,83.613,87.942,0,0,0,0,0,-9999.000,-9999.000,-9999.000,-9999.000,1.219
78733,8.862,6.527,4.267,7.692,7.942,0.009,0.515,27.458,83.655,87.912,0,0,0,0,0,-9999.000,-9999.000,-9999.000,-9999.000,0.382
78734,8.075,4.162,3.943,4.739,6.782,0.184,0.289,27.455,83.688,87.895,0,0,0,0,0,-9999.000,-9999.000,-9999.000,-0.387,-1.260
78735,8.011,4.568,3.625,4.489,16.401,0.271,0.289,27.458,83.709,87.882,0,0,0,0,0,-9999.000,-9999.000,-9999.000,2.897,0.687
78736,9.070,6.441,2.766,4.954,10.038,0.451,0.235,27.456,83.716,87.867,0,0,0,0,0,-9999.000,-9999.000,-9999.000,-0.871,1.409
78737,10.335,5.437,3.880,8.423,8.521,1.254,0.358,27.461,83.717,87.865,0,0,0,0,0,-9999.000,-9999.000,-9999.000,1.594,-1.684
78738,8.897,7.041,4.504,6.519,6.596,0.747,0.493,27.449,83.714,87.854,0,0,0,0,0,-9999.000,-9999.000,-9999.000,1.400,-0.142
78739,8.231,6.243,4.719,5.175,8.161,0.688,0.886,27.461,83.690,87.853,0,0,0,0,0,-9999.000,-9999.000,-9999.000,0.008,4.015
78740,7.990,4.774,3.194,8.506,7.683,0.706,2.022,27.463,83.613,87.854,0,0,0,0,0,-9999.000,-9999.000,-9999.000,1.502,-1.172
78741,10.052,4.754,2.778,11.335,9.839,0.454,0.725,27.467,83.499,87.851,0,0,0,0,0,-9999.000,-9999.000,-9999.000,0.651,1.359
78742,9.033,4.280,3.185,8.499,8.258,0.122,1.717,27.466,83.371,87.852,0,0,0,0,0,-9999.000,-9999.000,-9999.000,0.308,-2.001
78743,8.467,4.786,2.934,9.460,12.293,0.400,0.251,27.460,83.220,87.850,0,0,0,0,0,0.176,0.171,-0.524,-1.674,-1.244
78744,9.459,5.784,3.864,7.752,13.110,1.443,0.148,27.468,83.048,87.871,0,0,0,0,0,0.275,2.975,-0.564,2.235,-2.541
78745,8.642,5.728,4.682,6.753,10.452,1.444,0.989,27.470,82.849,87.889,0,0,0,0,0,0.408,-0.165,0.079,-0.556,0.302
78746,8.718,5.582,4.436,9.358,8.163,1.618,0.281,27.470,82.653,87.923,0,0,0,0,0,-0.002,2.968,-0.093,-1.807,1.000
78747,10.730,9.180,5.100,9.362,6.854,0.691,0.177,27.472,82.410,87.945,0,0,0,0,0,0.001,4.211,0.575,1.631,-3.094
78748,11.186,7.756,4.603,8.078,8.944,0.178,0.029,27.476,82.198,87.965,0,0,0,0,0,-0.001,-3.365,0.365,1.639,0.167
78749,9.286,5.106,3.145,7.080,10.186,0.668,0.623,27.479,81.977,87.980,0,0,0,0,0,0.019,-3.273,0.345,-1.444,-0.172
78750,8.668,5.679,3.730,5.316,8.276,0.813,1.869,27.485,81.802,88.008,0,0,0,0,0,0.802,-3.907,-0.138,1.322,-0.654
78751,8.691,6.174,5.610,6.651,10.554,0.293,2.326,27.489,81.587,88.031,0,0,0,0,0,0.025,0.747,1.030,-0.162,-2.997
78752,8.398,5.391,3.858,5.618,8.773,0.266,1.192,27.478,81.393,88.047,0,0,0,0,0,0.180,-1.622,-0.173,-0.317,1.194
78753,7.590,4.253,3.624,7.402,6.818,0.285,0.913,27.476,81.212,88.070,0,0,0,0,0,-0.354,-4.008,0.691,2.324,0.108
78754,8.459,5.285,4.844,7.283,5.714,0.312,0.602,27.483,81.052,88.086,0,0,0,0,0,0.741,0.447,-1.207,0.554,0.598
78755,8.271,5.346,4.626,4.345,15.750,1.200,0.611,27.481,80.907,88.099,0,0,0,0,0,0.244,1.765,1.038,0.188,-0.652
78756,6.992,4.181,2.750,4.167,9.624,2.320,0.063,27.484,80.743,88.104,0,0,0,0,0,0.283,1.693,0.572,2.261,-0.301
78757,6.886,3.632,3.129,4.562,9.828,1.116,-0.001,27.482,80.638,88.103,0,0,0,0,0,0.805,-2.270,-0.998,1.324,0.575
78758,7.067,3.921,3.241,4.751,6.590,0.225,0.119,27.482,80.549,88.103,0,0,0,0,0,0.427,-0.607,0.116,-0.345,1.296
78759,8.074,3.989,3.101,4.247,10.785,0.357,0.065,27.482,80.477,88.105,0,0,0,0,0,0.268,0.125,1.651,-0.683,0.723
78760,8.425,6.061,3.554,5.953,6.179,0.658,0.461,27.484,80.413,88.104,0,0,0,0,0,0.247,7.324,0.515,0.429,-1.913
78761,8.160,4.858,4.217,6.198,6.203,0.518,1.408,27.481,80.371,88.092,0,0,0,0,0,0.487,-0.652,-0.747,-2.099,-2.663
78762,6.957,6.417,2.738,4.768,8.826,0.226,1.551,27.478,80.346,88.077,0,0,0,0,0,0.185,1.981,2.056,-1.751,-0.576
78763,7.650,4.492,3.415,4.648,10.354,0.565,0.556,27.473,80.323,88.054,0,0,0,0,0,-0.426,0.058,0.513,0.243,-2.674
78764,7.615,4.978,3.152,7.728,11.075,0.359,0.188,27.472,80.316,88.032,0,0,0,0,0,0.324,1.466,-0.448,1.159,1.317
78765,8.593,4.325,3.137,5.634,8.902,0.417,0.450,27.466,80.307,88.013,0,0,0,0,0,0.491,-0.942,-0.507,0.568,0.850
78766,8.774,4.732,4.883,6.565,11.662,0.736,0.294,27.464,80.313,87.995,0,0,0,0,0,0.502,0.029,-1.161,-0.442,2.191
78767,8.958,4.073,3.506,5.976,9.556,0.637,0.141,27.464,80.321,87.977,0,0,0,0,0,0.571,-1.382,-0.560,-1.000,0.708
78768,9.787,4.890,4.607,7.179,6.830,-0.051,-0.017,27.460,80.375,87.962,0,0,0,0,0,-0.247,-1.137,0.272,-0.555,0.494
78769,9.403,5.330,3.206,10.485,8.170,0.444,0.160,27.458,80.455,87.953,0,0,0,0,0,-0.134,2.178,-0.041,-1.866,-0.050
78770,10.398,5.511,4.212,8.356,7.680,0.810,0.193,27.459,80.544,87.943,0,0,0,0,0,0.247,-0.106,1.276,0.184,-3.164
78771,10.168,5.478,3.428,11.737,6.810,1.806,1.113,27.463,80.645,87.935,0,0,0,0,0,0.852,1.956,0.957,0.347,-1.786
78772,7.627,4.797,3.851,8.470,8.383,1.035,-0.007,27.468,80.763,87.928,0,0,0,0,0,-0.477,-0.547,0.335,-0.804,-0.387
78773,7.686,4.319,4.244,8.204,9.718,1.491,0.145,27.466,80.880,87.927,0,0,0,0,0,0.325,-1.476,0.415,-0.260,0.797
78774,10.140,4.095,4.516,11.181,7.739,1.069,0.242,27.467,81.002,87.928,0,0,0,0,0,0.169,0.765,-0.437,0.950,-1.107
78775,9.426,5.018,3.973,9.848,7.919,0.485,0.082,27.464,81.138,87.931,0,0,0,0,0,0.078,1.085,-0.273,2.645,-1.634
78776,8.939,8.999,4.615,6.493,8.627,0.230,0.362,27.462,81.283,87.944,0,0,0,0,0,-0.147,-1.471,0.457,-1.422,0.290
78777,9.365,5.014,4.007,6.722,8.757,0.139,0.355,27.463,81.419,87.963,0,0,0,0,0,-0.296,0.619,-0.496,0.929,0.953
78778,10.856,4.101,4.037,6.078,8.146,0.401,0.173,27.463,81.566,87.988,0,0,0,0,0,0.108,-0.500,-0.322,0.632,1.505
78779,10.002,3.777,3.415,5.852,8.270,0.530,0.254,27.462,81.727,88.018,0,0,0,0,0,0.732,1.744,0.276,0.278,0.010
78780,7.965,4.137,3.708,-9999.000,-9999.000,1.099,0.063,27.450,81.878,88.043,0,1,1,0,0,0.203,-1.076,-0.183,0.772,1.400
78781,7.166,5.411,3.602,-9999.000,-9999.000,0.997,0.094,27.446,81.999,88.069,0,1,1,0,0,-0.074,-3.075,1.709,1.004,-1.722
78782,9.214,5.306,3.730,-9999.000,-9999.000,0.669,0.382,27.443,82.123,88.094,0,1,1,0,0,-0.072,-0.461,0.124,1.752,1.191
78783,9.662,4.772,5.322,-9999.000,-9999.000,1.105,0.286,27.446,82.266,88.115,0,1,1,0,0,0.082,0.272,-0.680,3.689,0.121
