data/in-situ-aerosol/AEROMMA-AOP-Optical_DC8_20230623_R0.ict
54, 1001
Han Huynh, Adam Ahern, Charles Brock, Ming Lyu
NOAA Chemical Sciences Laboratory
NOAA Aerosol Optical Properties (AOP) instruments: Cavity Ring-Down Spectrometer (CRDS) and Photoacoustic Absorption Spectrometer (PAS)
AEROMMA 2023
1, 1
2023, 06, 23, 2024, 03, 26
1
Time_start, seconds_past_midnight, seconds from midnight
20
1, 1, 1, 1, 1, 1, 1, 1, 1, 1, 1, 1, 1, 1, 1, 1, 1, 1, 1, 1
-9999, -9999, -9999, -9999, -9999, -9999, -9999, -9999, -9999, -9999, -9999, -9999, -9999, -9999, -9999, -9999, -9999, -9999, -9999, -9999
ext_dry_405, Mm-1, AerOpt_Extinction_InSitu_blue_RHd_PM2.5_STP
ext_dry_532, Mm-1, AerOpt_Extinction_InSitu_green_RHd_PM2.5_STP
ext_dry_664, Mm-1, AerOpt_Extinction_InSitu_red_RHd_PM2.5_STP
ext_medRH_664, Mm-1, AerOpt_Extinction_InSitu_red_medRH_PM2.5_STP
ext_highRH_664, Mm-1, AerOpt_Extinction_InSitu_red_highRH_PM2.5_STP
ext_TD_405, Mm-1, AerOpt_ExtinctionTD_InSitu_blue_RHd_PM2.5_STP
ext_TD_664, Mm-1, AerOpt_ExtinctionTD_InSitu_red_RHd_PM2.5_STP
AOP_RH_dry, pct, RHd_InSitu_Extinction_Absorption_Channels
AOP_RH_med, pct, AerOpt_Extinction_InSitu_red_medRH
AOP_RH_high, pct, AerOpt_Extinction_InSitu_red_highRH
AOP_filter_flag, dimensionless, AerOpt_filter_period
AOP_medRH_bypass, dimensionless, AerOpt_Extinction_medRH_humidifier_bypass_period
AOP_highRH_bypass, dimensionless, AerOpt_Extinction_highRH_humidifier_bypass_period
AOP_TD_bypass_flag, dimensionless, AerOpt_TD_bypass_period
cloud_removal_flag, dimensionless, Cloud_Removal_Flag_CAPS_CloudIndicator_2_3_4
abs_dry_405, Mm-1, AerOpt_Absorption_InSitu_blue_RHd_PM2.5_STP
abs_dry_532, Mm-1, AerOpt_Absorption_InSitu_green_RHd_PM2.5_STP
abs_dry_664, Mm-1, AerOpt_Absorption_InSitu_red_RHd_PM2.5_STP
abs_TD_405, Mm-1, AerOpt_AbsorptionTD_InSitu_blue_RHd_PM2.5_STP
abs_TD_664, Mm-1, AerOpt_AbsorptionTD_InSitu_green_RHd_PM2.5_STP
1
SPECIAL COMMENTS: In-cloud data has been removed based on Cloudindicator_CAPS (removed data where Cloudindicator_CAPS is 2, 3, or 4). Dry channels T probe is not reliable. Dry channels T were taken as an average of both RH channels based on past measurements. Medium and high RH values have a standard deviation of 5%.
19
PI_CONTACT_INFO: Email: han.huynh@noaa.gov. Address: NOAA Chemical Sciences Laboratory, R/CSL2, 325 Broadway, Boulder, CO 80305.
PLATFORM: NASA DC-8
LOCATION: See the DC8 MetNav file, Based in Palmdale (CA) and Dayton (OH)
ASSOCIATED_DATA: N/A
[...]
DATA_INFO: Extinction and absorption values were reported in Mm-1. The flag columns (e.g., AOP_filter_flag) reported either 0 or 1 value. The RH columns reported values in %RH. The measurements were time-aligned with DLH measurement.
UNCERTAINTY: The precision of the extinction measurements varies with aerosol loading and is +/-20% at 10 Mm-1 and +/-5% at 100 Mm-1. The accuracy of the dry measurement is +/-2% and depends on RH for the humidified measurements. For more details, see Langridge et al., Aerosol Science and Technology 45:1305-1318, 2011. The absorption measurements have a high signal accuracy of 20%. The low signal precision varies with altitude and flight to flight, and is typically less than 10 Mm-1 for 1 second measurements.
ULOD_FLAG: -7777
ULOD_VALUE: N/A
LLOD_FLAG: -8888
LLOD_VALUE: N/A
DM_CONTACT_INFO: Han Huynh, han.huynh@noaa.gov, NOAA Chemical Sciences Laboratory, R/CSL2, 325 Broadway, Boulder, CO 80305
PROJECT_INFO: AEROMMA 2023, https://csl.noaa.gov/projects/aeromma
STIPULATIONS_ON_USE: NASA Data Policy. Contact with PI is encouraged.
OTHER_COMMENTS: N/A
REVISION: R0
R0: final data.
RA: Preliminary data collected in the field. 
Time_start, ext_dry_405, ext_dry_532, ext_dry_664, ext_medRH_664, ext_highRH_664, ext_TD_405, ext_TD_664, AOP_RH_dry, AOP_RH_med, AOP_RH_high, AOP_filter_flag, AOP_medRH_bypass, AOP_highRH_bypass, AOP_TD_bypass_flag, cloud_removal_flag, abs_dry_405, abs_dry_532, abs_dry_664, abs_TD_405, abs_TD_664
[from data line 6069]
71796,12.723,10.380,4.619,12.477,11.640,3.355,3.290,16.893,83.494,87.009,0,0,0,0,0,-9999.000,-9999.000,-9999.000,1.462,-1.096
71797,14.472,9.063,5.633,8.498,18.230,4.703,3.507,16.901,83.331,87.039,0,0,0,0,0,-9999.000,-9999.000,-9999.000,0.349,-1.645
71798,14.772,8.949,5.888,15.982,13.895,5.188,2.795,16.904,83.168,87.057,0,0,0,0,0,-9999.000,-9999.000,-9999.000,-0.241,1.308
71799,12.520,8.050,7.390,17.697,14.206,5.748,3.221,16.904,82.967,87.077,0,0,0,0,0,-9999.000,-9999.000,-9999.000,0.633,0.957
71800,12.372,9.347,6.989,14.752,14.174,4.034,5.578,16.923,82.759,87.094,0,0,0,0,0,-9999.000,-9999.000,-9999.000,0.310,1.025
71801,13.617,7.676,6.138,14.505,10.260,2.322,2.567,16.930,82.547,87.109,0,0,0,0,0,-9999.000,-9999.000,-9999.000,0.327,-0.329
71802,11.785,7.761,5.660,17.667,15.478,3.169,1.456,16.934,82.335,87.119,0,0,0,0,0,-9999.000,-9999.000,-9999.000,-0.676,0.760
71803,12.728,8.592,7.382,13.716,11.447,2.428,2.906,16.930,82.126,87.125,0,0,0,0,0,-9999.000,-9999.000,-9999.000,1.762,2.517
71804,13.324,9.093,4.994,13.001,11.650,2.728,4.449,16.938,81.916,87.119,0,0,0,0,0,0.117,1.649,-0.101,-1.729,-1.377
71805,13.033,7.909,5.733,11.597,18.103,2.161,3.526,16.950,81.735,87.127,0,0,0,0,0,0.352,-0.766,-0.459,0.047,-0.723
71806,14.737,8.630,8.612,10.197,16.817,1.768,2.192,16.951,81.558,87.126,0,0,0,0,0,1.094,-1.057,0.347,0.705,-0.035
71807,12.298,8.944,8.130,15.761,16.265,1.867,1.722,16.952,81.380,87.115,0,0,0,0,0,0.109,-2.924,0.462,-0.369,0.303
71808,13.549,14.760,8.569,12.037,17.265,2.329,1.588,16.962,81.236,87.088,0,0,0,0,0,0.056,0.153,-1.143,-0.566,-0.830
71809,13.151,10.193,8.410,16.791,22.549,2.094,2.453,16.964,81.093,87.059,0,0,0,0,0,0.522,4.254,-0.218,0.151,-1.299
71810,15.442,7.558,7.002,11.337,23.035,3.164,2.561,16.972,80.981,87.024,0,0,0,0,0,0.638,2.468,-1.126,0.617,1.906
71811,13.095,7.503,5.991,9.126,22.391,4.993,2.143,16.974,80.881,86.972,0,0,0,0,0,0.721,2.439,1.370,-0.966,2.210
71812,13.861,8.908,7.580,9.855,12.937,6.597,2.818,16.986,80.807,86.929,0,0,0,0,0,0.218,-0.352,1.042,0.670,1.573
71813,12.877,8.749,5.975,11.920,12.823,3.768,2.920,17.019,80.738,86.895,0,0,0,0,0,0.694,-0.225,0.273,0.592,1.323
71814,13.422,8.859,6.534,7.213,15.274,2.016,2.487,17.022,80.688,86.863,0,0,0,0,0,-0.280,-1.100,1.533,-1.979,-0.393
71815,15.146,10.922,4.821,11.352,14.326,2.072,1.542,17.040,80.654,86.839,0,0,0,0,0,0.430,1.032,1.215,0.344,0.464
71816,13.384,10.996,5.593,13.920,17.334,5.443,4.896,17.042,80.633,86.824,0,0,0,0,0,0.355,0.207,0.008,-0.385,-2.221
71817,12.158,9.899,5.272,9.471,17.689,3.248,6.418,17.046,80.623,86.815,0,0,0,0,0,-0.363,2.717,-1.167,-0.283,0.652
71818,12.935,8.572,7.421,8.621,24.772,2.495,6.225,17.048,80.621,86.802,0,0,0,0,0,0.219,0.273,-0.341,0.320,0.401
71819,15.184,7.655,5.946,11.311,18.546,2.541,3.506,17.065,80.621,86.794,0,0,0,0,0,0.307,-0.132,-0.789,-0.232,0.320
71820,12.646,7.365,5.685,15.362,22.789,2.968,3.805,17.068,80.631,86.789,0,0,0,0,0,-0.058,2.963,0.082,1.969,1.852
71821,12.679,8.208,5.145,18.458,9.564,3.348,1.584,17.064,80.672,86.788,0,0,0,0,0,0.659,1.996,-0.977,-0.640,-0.031
71822,14.215,9.736,7.934,12.074,14.138,4.384,1.322,17.061,80.732,86.787,0,0,0,0,0,1.103,1.905,-0.255,0.176,0.421
71823,13.117,10.119,8.099,18.459,15.131,3.376,1.357,17.061,80.806,86.787,0,0,0,0,0,0.599,0.745,-0.057,-0.095,-2.086
71824,12.865,10.081,6.313,13.085,13.216,1.977,3.505,17.072,80.875,86.797,0,0,0,0,0,-0.008,-1.562,-0.189,-0.732,-1.536
71825,12.036,8.764,7.247,14.094,24.472,2.021,5.489,17.083,80.960,86.812,0,0,0,0,0,0.694,2.060,-1.850,1.782,0.993
71826,14.111,11.144,7.741,10.719,17.725,4.509,5.479,17.091,81.053,86.835,0,0,0,0,0,-0.334,-0.541,1.176,-2.049,-2.787
71827,12.543,7.947,4.868,15.177,23.410,2.011,4.819,17.100,81.151,86.856,0,0,0,0,0,-0.167,3.455,-1.634,-0.034,-0.387
71828,13.206,7.637,7.761,16.000,14.288,1.885,3.492,17.113,81.283,86.864,0,0,0,0,0,0.621,-2.071,-0.744,-0.543,-3.216
71829,12.380,8.272,6.060,15.771,17.823,1.734,0.719,17.115,81.421,86.880,0,0,0,0,0,0.540,-1.323,0.471,-0.477,3.484
71830,12.489,8.191,6.632,16.527,22.738,2.353,2.318,17.118,81.556,86.898,0,0,0,0,0,-0.216,2.121,1.367,-0.110,-1.063
71831,14.188,8.886,7.409,15.227,16.303,2.383,2.901,17.124,81.693,86.926,0,0,0,0,0,0.438,-1.489,-0.483,-0.830,-0.491
71832,13.978,10.869,6.587,10.983,18.877,1.776,3.678,17.130,81.828,86.955,0,0,0,0,0,0.370,0.625,-0.105,1.212,-1.188
71833,13.188,9.843,6.416,13.002,17.897,3.847,3.636,17.146,81.964,86.966,0,0,0,0,0,0.076,-3.553,0.226,1.157,0.045
71834,14.470,8.453,6.300,12.610,12.454,3.949,3.767,17.147,82.096,86.965,0,0,0,0,0,-0.513,-0.570,0.363,-1.543,-0.042
71835,14.306,10.305,6.756,17.855,16.201,3.226,1.830,17.156,82.251,86.969,0,0,0,0,0,0.264,0.455,-0.977,0.361,-1.318
71836,13.246,9.386,7.372,13.655,16.564,4.874,1.027,17.171,82.407,86.971,0,0,0,0,0,-0.087,1.025,-0.246,-1.712,4.369
71837,12.653,6.699,4.927,12.605,17.318,3.477,1.579,17.174,82.562,86.968,0,0,0,0,0,0.650,3.139,1.890,1.877,0.678
71838,12.127,7.806,4.925,14.166,10.029,1.377,1.737,17.188,82.692,86.967,0,0,0,0,0,0.693,-2.357,0.858,-2.183,-0.555
71839,14.857,8.519,7.169,16.424,17.418,3.270,1.570,17.194,82.814,86.945,0,0,0,0,0,0.062,1.045,-0.828,0.716,-0.554
71840,13.205,7.800,7.904,21.055,19.566,5.067,3.116,17.195,82.944,86.921,0,0,0,0,0,0.489,-2.281,-0.679,2.054,-3.101
71841,11.283,8.344,5.215,13.927,16.839,2.437,1.805,17.214,83.067,86.885,0,0,0,0,0,0.576,2.520,-0.581,0.076,-0.217
71842,12.525,10.826,6.463,21.275,18.238,2.651,4.190,17.220,83.176,86.848,0,0,0,0,0,0.594,2.641,0.357,0.251,-0.169
71843,12.534,9.099,5.183,15.202,19.703,4.588,2.996,17.254,83.282,86.810,0,0,0,0,0,0.810,-0.667,-0.749,0.590,2.225
71844,12.402,8.830,4.490,14.725,20.192,3.521,2.415,17.262,83.394,86.780,0,0,0,0,0,0.380,-0.732,-2.114,0.403,0.927
71845,11.632,6.954,5.691,19.275,19.715,3.352,1.460,17.263,83.498,86.764,0,0,0,0,0,0.714,2.984,-0.694,-0.801,4.256
71846,15.146,6.827,9.607,18.394,15.400,2.595,1.402,17.259,83.570,86.749,0,0,0,0,0,-0.164,1.881,-0.578,-0.673,-1.955
71847,12.416,9.133,5.513,11.880,15.377,3.478,1.097,17.273,83.647,86.725,0,0,0,0,0,0.275,-1.049,0.180,-0.300,-4.192
71848,11.882,9.612,5.389,13.696,19.586,3.409,1.764,17.280,83.715,86.697,0,0,0,0,0,0.491,-1.282,0.796,0.024,0.825
71849,12.537,8.821,5.861,18.185,20.144,4.461,1.865,17.291,83.778,86.681,0,0,0,0,0,0.413,0.191,0.332,0.948,0.910
71850,12.367,8.263,5.200,12.439,23.994,3.892,4.479,17.303,83.819,86.671,0,0,0,0,0,0.384,-1.061,-0.583,-1.221,-1.384
71851,13.687,6.782,4.360,11.898,29.875,2.502,6.883,17.322,83.864,86.665,0,0,0,0,0,0.341,1.522,0.352,0.302,0.563
71852,12.965,9.619,5.861,14.309,20.723,0.761,6.938,17.338,83.888,86.669,0,0,0,0,0,0.716,-0.206,0.840,3.134,-1.631
71853,13.603,9.764,5.363,15.558,16.852,1.329,2.816,17.339,83.898,86.668,0,0,0,0,0,0.139,1.422,1.870,0.938,-0.167
71854,12.733,8.303,6.287,14.981,12.412,2.421,2.025,17.335,83.894,86.667,0,0,0,0,0,0.179,-4.261,1.064,1.872,0.322
71855,13.452,10.064,4.171,13.967,18.973,11.031,3.532,17.339,83.887,86.661,0,0,0,0,0,0.167,2.504,-0.986,-2.046,-0.288
71856,12.598,8.597,5.440,9.581,16.340,2.845,5.044,17.344,83.867,86.673,0,0,0,0,0,0.956,1.495,-0.240,1.880,0.332
71857,14.747,8.480,6.532,16.018,13.969,2.351,3.230,17.350,83.801,86.698,0,0,0,0,0,-0.014,0.731,-1.080,0.664,-1.911
71858,16.088,9.568,8.607,10.824,18.847,3.331,1.846,17.358,83.692,86.741,0,0,0,0,0,0.267,-0.422,-1.780,-1.188,0.338
71859,14.610,8.339,9.414,8.853,18.844,2.075,2.252,17.366,83.573,86.772,0,0,0,0,0,0.702,-0.900,0.947,1.629,0.100
71860,16.670,10.354,6.095,12.241,17.785,1.054,1.479,17.373,83.424,86.793,0,0,0,0,0,0.995,1.733,-0.055,0.439,-1.647
71861,13.129,9.784,6.243,12.105,14.828,2.953,2.165,17.378,83.254,86.821,0,0,0,0,0,0.246,0.338,-0.272,-0.683,0.965
71862,11.177,6.904,4.786,12.612,13.532,2.090,2.202,17.383,83.072,86.854,0,0,0,0,0,0.174,-2.910,0.874,1.903,1.155
71863,13.505,9.163,5.600,12.394,13.473,1.095,1.248,17.384,82.897,86.889,0,0,0,0,0,0.201,-0.764,0.098,-0.566,1.408
71864,13.354,9.200,6.302,9.907,21.231,2.899,1.102,17.414,82.675,86.912,0,0,0,0,0,-0.072,-0.524,0.859,-2.630,-1.068
71865,12.582,8.015,6.044,11.827,14.567,2.780,2.076,17.426,82.433,86.922,0,0,0,0,0,0.357,-0.424,-0.342,1.317,-3.459
71866,12.953,8.392,9.530,17.353,14.120,1.504,1.894,17.429,82.203,86.934,0,0,0,0,0,0.342,-0.439,-0.655,-1.209,-2.154
71867,14.319,7.842,5.261,14.615,12.482,1.242,2.008,17.431,81.988,86.935,0,0,0,0,0,0.527,-0.664,1.178,-1.416,-0.005
71868,12.145,8.317,5.665,9.824,26.251,2.559,2.948,17.423,81.781,86.941,0,0,0,0,0,0.548,-0.857,-0.489,-1.546,-1.759
71869,12.821,8.747,5.513,13.230,15.667,2.289,4.929,17.427,81.591,86.933,0,0,0,0,0,0.675,0.095,-0.147,-1.274,-0.645
71870,11.629,8.900,6.747,9.784,16.395,2.450,2.023,17.435,81.419,86.939,0,0,0,0,0,0.361,2.278,-1.916,2.232,-1.388
71871,12.629,7.883,7.132,15.775,19.838,4.641,0.694,17.440,81.263,86.925,0,0,0,0,0,0.428,-0.568,-0.679,-1.400,-0.195
71872,13.822,6.071,6.071,8.534,16.516,4.103,2.308,17.439,81.123,86.911,0,0,0,0,0,0.029,-1.517,0.442,2.337,-0.037
71873,13.474,7.884,4.491,8.897,12.434,2.895,4.019,17.446,80.994,86.875,0,0,0,0,0,0.254,-1.304,-0.105,-0.792,-1.666
71874,13.033,8.964,4.911,12.614,19.536,1.924,5.641,17.461,80.880,86.843,0,0,0,0,0,-0.133,0.755,-1.218,1.954,-0.410
71875,13.751,8.689,5.669,16.444,18.260,4.445,6.765,17.462,80.771,86.822,0,0,0,0,0,0.395,3.642,0.607,0.280,0.136
71876,14.673,8.023,4.818,13.394,13.417,3.611,4.014,17.464,80.680,86.789,0,0,0,0,0,0.569,1.008,-0.204,-1.354,-0.833
71877,13.385,8.340,5.881,18.591,19.852,5.441,3.702,17.471,80.607,86.754,0,0,0,0,0,0.145,1.671,-1.616,-0.392,0.220
71878,12.104,9.510,6.765,11.184,16.553,4.408,9.136,17.474,80.553,86.714,0,0,0,0,0,-0.277,-2.111,0.228,0.115,-0.912
71879,15.979,9.768,7.411,16.771,16.843,3.899,9.669,17.486,80.519,86.678,0,0,0,0,0,0.146,-1.130,1.164,1.013,-2.367
71880,13.518,8.470,5.208,15.622,16.662,3.284,2.546,17.500,80.496,86.657,0,0,0,0,0,0.127,1.552,0.201,0.060,-1.518
71881,12.792,9.198,7.859,15.058,21.576,2.012,5.405,17.508,80.479,86.634,0,0,0,0,0,-0.298,-0.893,-0.993,-0.749,0.026
71882,12.578,7.729,5.496,9.639,19.708,2.425,4.006,17.513,80.478,86.619,0,0,0,0,0,0.353,0.410,-1.311,0.275,-2.498
71883,13.079,10.202,5.461,12.084,12.424,5.799,4.018,17.525,80.476,86.617,0,0,0,0,0,0.379,0.017,-0.463,2.356,-0.405
71884,12.871,10.189,5.749,11.448,13.268,4.207,7.082,17.528,80.485,86.609,0,0,0,0,0,0.271,-3.756,0.117,1.210,-0.473
71885,13.242,9.448,5.475,14.248,11.369,3.808,6.784,17.539,80.502,86.612,0,0,0,0,0,0.872,0.194,-0.702,1.027,0.372
71886,15.231,10.188,9.274,12.122,16.660,1.401,5.043,17.556,80.561,86.618,0,0,0,0,0,-0.230,-2.139,-1.317,3.965,0.288
71887,11.380,10.096,7.940,11.207,19.689,2.812,1.553,17.559,80.646,86.636,0,0,0,0,0,0.200,0.788,-0.577,0.466,0.555
71888,12.827,7.820,4.116,18.661,21.729,3.303,3.954,17.556,80.729,86.647,0,0,0,0,0,-0.130,-2.796,0.703,1.825,2.704
71889,15.047,7.570,6.532,16.752,13.093,4.482,2.192,17.570,80.824,86.665,0,0,0,0,0,-0.171,0.786,0.520,0.216,-0.652
71890,12.524,7.341,6.664,12.547,9.239,2.649,1.093,17.571,80.948,86.685,0,0,0,0,0,0.246,-0.049,-0.390,-2.025,1.471
71891,12.048,7.740,8.938,18.112,16.790,1.782,2.891,17.580,81.065,86.721,0,0,0,0,0,0.301,-0.359,0.293,0.224,-0.065
71892,13.873,7.160,5.929,10.882,21.344,3.824,3.786,17.574,81.174,86.759,0,0,0,0,0,0.683,0.089,-0.913,-0.133,0.961
71893,13.056,7.688,9.208,15.263,12.499,2.033,2.503,17.586,81.292,86.799,0,0,0,0,0,0.282,1.291,-0.428,2.451,-0.118
71894,11.788,8.336,5.808,14.847,18.556,0.852,2.139,17.588,81.418,86.840,0,0,0,0,0,0.453,2.404,1.852,2.788,-1.619
71895,11.391,10.214,4.982,12.852,13.714,2.149,2.133,17.588,81.571,86.866,0,0,0,0,0,0.233,-0.217,0.791,-2.111,1.090
71896,13.055,8.457,4.969,20.460,20.497,6.038,1.162,17.585,81.691,86.887,0,0,0,0,0,0.148,-2.015,0.712,-0.584,-1.001
71897,12.034,8.389,9.125,10.870,12.142,12.401,1.923,17.589,81.833,86.899,0,0,0,0,0,-0.064,-1.017,1.828,-1.132,0.754
71898,15.501,7.465,8.852,12.560,18.286,8.189,3.390,17.595,81.968,86.913,0,0,0,0,0,0.198,-4.020,-0.097,0.050,-0.187
71899,14.893,8.453,9.301,12.899,9.710,8.998,2.775,17.599,82.134,86.917,0,0,0,0,0,0.560,-2.850,1.654,0.429,-0.180
71900,16.346,9.929,7.715,20.765,13.599,2.745,2.378,17.597,82.268,86.922,0,0,0,0,0,-0.022,3.309,0.013,0.260,2.734
71901,14.129,10.553,7.867,15.537,10.776,1.374,4.051,17.598,82.405,86.922,0,0,0,0,0,-0.046,0.021,0.510,-1.637,3.524
71902,10.978,8.884,7.253,15.656,12.532,2.843,2.256,17.602,82.537,86.921,0,0,0,0,0,0.491,6.748,-0.732,1.770,-2.039
71903,12.470,8.491,5.395,12.374,12.084,3.945,1.107,17.606,82.677,86.916,0,0,0,0,0,0.115,-1.607,-1.144,0.183,1.176
71904,13.457,10.059,4.347,15.296,9.947,6.716,0.890,17.615,82.794,86.898,0,0,0,0,0,0.295,-0.549,-0.120,-0.470,-3.048
71905,12.874,10.496,3.223,16.567,18.980,3.547,1.881,17.619,82.916,86.864,0,0,0,0,0,0.561,-1.670,-0.608,0.097,1.668
71906,12.990,10.157,7.629,12.828,11.442,1.338,1.063,17.616,83.037,86.827,0,0,0,0,0,0.272,0.080,-0.313,2.260,-0.300
71907,12.111,9.485,8.174,20.739,13.845,1.694,1.841,17.615,83.155,86.795,0,0,0,0,0,0.421,-2.474,0.902,0.855,0.395
71908,15.240,6.046,4.217,14.666,12.553,5.184,5.540,17.614,83.273,86.761,0,0,0,0,0,0.187,-1.935,0.639,0.057,0.448
71909,13.086,7.731,5.251,14.312,17.548,4.912,7.043,17.617,83.384,86.715,0,0,0,0,0,0.453,-1.469,0.390,0.031,1.139
71910,12.971,9.011,6.951,16.687,15.932,3.099,3.162,17.630,83.482,86.675,0,0,0,0,0,0.086,0.070,0.746,-0.316,0.067
71911,13.204,6.749,4.482,26.232,16.207,4.489,1.232,17.637,83.557,86.641,0,0,0,0,0,-0.235,-1.410,-1.394,-0.329,0.640
71912,12.765,7.139,4.205,13.095,19.867,6.111,2.713,17.639,83.606,86.624,0,0,0,0,0,0.952,0.571,0.040,1.526,1.580
71913,13.394,8.724,4.508,14.481,16.049,2.217,4.553,17.642,83.674,86.611,0,0,0,0,0,0.387,-1.595,-0.253,3.028,1.143
71914,12.950,8.212,4.258,16.050,19.060,2.110,2.969,17.665,83.737,86.591,0,0,0,0,0,0.501,2.534,0.631,-1.719,-1.493
71915,13.419,7.780,4.303,14.280,17.601,4.928,3.358,17.681,83.787,86.576,0,0,0,0,0,0.240,3.059,0.312,-0.090,3.769
71916,13.636,9.167,4.737,15.363,23.718,8.449,2.535,17.687,83.805,86.573,0,0,0,0,0,0.718,2.464,0.156,-1.587,0.541
71917,11.433,7.350,6.628,10.534,18.118,5.952,2.443,17.687,83.817,86.571,0,0,0,0,0,0.199,-1.204,-0.325,-1.452,-2.913
71918,13.829,10.074,4.732,10.504,15.117,3.515,5.160,17.716,83.821,86.575,0,0,0,0,0,0.974,-0.981,-0.675,-1.087,0.756
71919,13.107,8.665,4.596,14.742,23.729,1.774,5.135,17.724,83.823,86.584,0,0,0,0,0,0.337,-1.831,0.383,0.432,0.872
71920,14.686,7.280,5.578,17.469,13.056,3.644,2.159,17.751,83.812,86.598,0,0,0,0,0,0.400,-1.930,-1.206,0.753,-0.269
71921,16.670,8.107,4.258,20.168,20.469,5.301,4.618,17.760,83.766,86.615,0,0,0,0,0,-0.100,-2.846,-1.191,0.153,-0.438
71922,13.328,8.062,5.097,14.836,26.837,5.323,8.685,17.771,83.677,86.645,0,0,0,0,0,0.098,1.620,-2.018,-1.171,0.472
71923,11.964,8.585,5.591,14.336,13.955,5.955,9.832,17.818,83.568,86.679,0,0,0,0,0,0.232,1.488,3.276,1.717,-9999.000
71924,13.664,9.831,5.374,17.946,16.075,1.420,8.720,17.826,83.430,86.726,0,0,0,0,0,-0.177,-0.402,-0.346,-0.924,-9999.000
71925,13.209,9.152,6.449,23.982,16.947,1.290,3.113,17.837,83.289,86.768,0,0,0,0,0,0.057,5.775,-0.704,0.263,-9999.000
71926,11.955,8.543,6.697,11.430,12.013,3.722,1.760,17.838,83.108,86.810,0,0,0,0,0,0.736,0.014,-1.455,0.556,-9999.000
71927,10.873,9.991,5.023,11.577,13.580,5.221,1.009,17.843,82.931,86.842,0,0,0,0,0,-0.065,-2.961,0.171,1.617,-9999.000
71928,12.819,10.209,4.730,16.734,10.777,3.380,0.586,17.846,82.744,86.872,0,0,0,0,0,-0.021,-1.796,-0.604,0.716,-9999.000
71929,12.693,7.478,8.281,9.984,13.853,8.090,2.847,17.845,82.539,86.896,0,0,0,0,0,-0.644,-1.277,0.219,-3.659,-9999.000
71930,11.109,7.533,6.101,13.317,17.258,10.706,6.935,17.853,82.326,86.921,0,0,0,0,0,0.084,-0.224,0.175,0.697,-9999.000
71931,12.924,7.514,6.814,12.675,11.530,3.783,3.185,17.853,82.111,86.939,0,0,0,0,0,0.357,-1.211,-0.291,0.979,-9999.000
71932,14.087,6.829,3.844,13.655,15.641,1.715,3.021,17.861,81.928,86.949,0,0,0,0,0,-0.154,-0.849,-1.472,2.053,-9999.000
71933,11.618,8.029,5.912,12.431,14.052,2.619,2.751,17.867,81.711,86.954,0,0,0,0,0,1.139,-0.484,-1.245,0.461,-9999.000
